48,39,29142,
41,39,11414,
38,39,10345,
41,48,9018,
32,39,8455,
32,48,8034,
38,48,7944,
41,48,39,7366,
38,48,39,6102,
32,48,39,5402,
41,38,3897,
41,32,3196,
41,38,39,3051,
170,38,3031,
32,38,2833,
89,48,2798,
36,38,2790,
65,39,2787,
89,39,2749,
110,38,2725,
65,48,2529,
41,38,48,2374,
41,32,39,2359,
225,39,2351,
89,39,48,2125,
41,32,48,2063,
170,39,2059,
36,39,2037,
170,39,38,2019,
41,38,48,39,1991,
36,39,38,1945,
237,39,1929,
310,39,1852,
32,38,39,1840,
65,48,39,1797,
110,39,1759,
110,39,38,1740,
225,48,1736,
310,48,1692,
237,48,1682,
41,32,48,39,1646,
32,38,48,1646,
170,48,1557,
170,48,38,1538,
475,39,1500,
271,39,1434,
475,48,1428,
36,48,1416,
101,39,1400,
225,48,39,1400,
110,48,1380,
110,48,38,1361,
36,48,38,1360,
310,48,39,1347,
101,48,1311,
2238,39,1287,
438,39,1260,
237,48,39,1244,
32,38,48,39,1236,
170,48,39,1206,
270,39,1194,
170,48,39,38,1193,
1327,39,1156,
147,39,1137,
413,48,1135,
413,39,1130,
286,38,1116,
36,48,39,1116,
79,39,1111,
475,48,39,1092,
271,48,1090,
36,48,39,38,1080,
255,48,1057,
255,39,1057,
37,38,1046,
110,48,39,1037,
147,48,1036,
110,48,39,38,1031,
438,48,1025,
65,41,995,
1146,39,983,
60,39,983,
1327,48,968,
270,48,957,
2238,48,955,
101,48,39,946,
12925,39,938,
533,39,922,
79,48,893,
225,41,877,
533,48,861,
49,48,843,
9,39,832,
16010,39,829,
185,39,828,
271,48,39,827,
78,48,824,
12925,48,817,
185,48,816,
60,48,815,
255,48,39,813,
1146,48,811,
170,41,805,
41,32,38,805,
14098,39,801,
123,48,797,
170,41,38,794,
65,41,39,792,
9,48,790,
1393,39,789,
2238,48,39,788,
413,39,48,781,
438,48,39,780,
2958,48,779,
338,48,779,
604,39,775,
78,39,774,
65,32,774,
49,39,768,
371,38,767,
89,38,764,
740,39,759,
249,39,752,
286,39,750,
592,48,743,
338,39,742,
147,48,39,742,
270,48,39,733,
89,41,732,
16010,48,730,
16217,39,728,
286,39,38,728,
123,39,726,
225,41,39,726,
592,39,723,
1327,48,39,720,
310,41,719,
15832,39,718,
301,39,715,
89,32,713,
589,39,708,
37,39,707,
824,39,703,
824,48,701,
36,41,700,
79,48,39,699,
14098,48,698,
13041,39,688,
604,48,687,
37,39,38,684,
237,38,683,
225,38,681,
270,271,680,
110,41,677,
249,48,675,
201,48,674,
36,41,38,671,
201,39,669,
1393,48,669,
677,48,666,
110,41,38,666,
548,39,663,
65,41,48,663,
548,48,658,
301,48,658,
55,38,657,
2958,39,655,
225,32,655,
179,39,653,
16011,16010,651,
522,39,648,
16217,48,647,
105,38,643,
258,48,643,
65,38,643,
783,39,640,
677,39,635,
533,48,39,632,
175,39,631,
258,39,628,
589,48,628,
310,41,39,625,
179,48,624,
170,41,39,624,
1146,48,39,623,
161,39,622,
41,32,38,39,622,
89,41,39,619,
49,39,48,617,
170,41,39,38,615,
1004,48,614,
78,39,48,610,
60,48,39,609,
89,41,48,606,
13041,48,602,
117,48,601,
956,39,600,
264,39,599,
237,41,597,
3270,48,592,
19,39,592,
19,48,591,
286,48,591,
89,38,39,589,
12925,48,39,588,
15832,48,585,
271,41,584,
783,48,583,
1004,39,583,
156,39,582,
522,48,582,
286,48,38,581,
479,39,580,
89,38,48,578,
1578,39,576,
3270,39,576,
89,32,48,573,
36,41,39,572,
2958,39,48,570,
2238,41,570,
475,41,570,
237,32,568,
37,48,565,
242,39,564,
45,39,559,
570,39,558,
37,48,38,557,
185,48,39,555,
117,39,554,
36,41,39,38,553,
310,41,48,547,
65,41,48,39,547,
9,48,39,546,
229,48,545,
389,39,544,
1135,48,541,
310,32,541,
18,39,540,
956,48,540,
14098,48,39,540,
170,32,540,
41,32,38,48,540,
31,39,538,
225,41,48,537,
225,38,39,535,
264,48,534,
371,39,532,
170,32,38,532,
89,32,39,532,
649,39,531,
76,39,529,
16010,48,39,529,
10515,39,528,
371,39,38,526,
405,48,525,
544,39,524,
10515,48,524,
89,41,48,39,522,
740,48,520,
604,48,39,520,
161,48,517,
338,39,48,516,
592,39,48,515,
110,41,39,515,
56,38,514,
570,48,514,
549,48,513,
479,48,513,
23,39,512,
103,39,512,
237,38,39,512,
65,32,39,512,
110,41,39,38,511,
249,48,39,510,
123,39,48,509,
790,38,508,
270,41,508,
1393,48,39,507,
334,39,506,
544,48,504,
229,39,503,
1146,41,501,
405,39,500,
79,41,499,
36,32,494,
806,39,493,
31,48,493,
175,48,493,
549,39,492,
45,48,492,
170,41,48,492,
65,32,48,492,
649,48,490,
766,48,489,
65,38,39,488,
310,41,48,39,486,
1344,39,485,
76,48,485,
270,271,39,484,
170,41,48,38,484,
664,39,481,
237,41,39,477,
475,41,39,476,
101,41,476,
1600,39,474,
156,48,473,
301,48,39,473,
11,39,472,
2238,41,39,472,
36,32,38,472,
1814,39,471,
976,39,471,
812,39,471,
824,48,39,471,
12929,39,470,
766,39,470,
271,32,470,
1578,48,469,
225,41,48,39,469,
107,48,467,
703,48,467,
548,48,39,467,
16010,41,467,
89,38,48,39,467,
225,32,39,466,
18,48,465,
286,48,39,464,
11,48,463,
812,48,463,
16217,48,39,463,
1435,39,459,
1327,41,459,
1135,39,458,
286,48,39,38,458,
976,48,456,
105,39,455,
703,39,453,
55,39,452,
10,39,452,
258,39,48,452,
179,48,39,452,
1814,48,451,
201,39,48,451,
271,41,39,451,
89,32,39,48,451,
105,39,38,449,
110,32,449,
789,39,447,
475,32,447,
272,39,446,
677,39,48,446,
1600,48,444,
13041,48,39,444,
334,48,443,
589,48,39,443,
110,32,38,443,
772,48,442,
269,39,441,
37,48,39,440,
269,48,439,
783,48,39,439,
147,41,438,
270,32,437,
396,39,436,
15832,48,39,436,
8978,39,433,
1435,48,433,
37,48,39,38,433,
16217,41,433,
310,38,433,
47,38,432,
281,38,432,
488,48,432,
103,48,431,
12929,48,430,
379,39,429,
260,39,428,
438,41,428,
475,41,48,428,
16011,39,427,
10,48,427,
1344,48,427,
107,39,426,
522,48,39,425,
110,41,48,423,
407,48,422,
464,48,422,
55,39,38,422,
681,39,422,
389,48,422,
789,48,421,
15832,41,421,
3616,39,419,
16011,39,16010,419,
110,41,48,38,419,
170,41,48,39,419,
407,39,418,
186,48,417,
23,48,416,
3270,39,48,416,
675,39,414,
413,41,414,
237,38,48,414,
1986,39,413,
186,39,413,
464,39,412,
101,32,412,
535,48,409,
425,48,408,
65,38,48,408,
267,39,407,
340,48,407,
1198,39,407,
2238,38,407,
772,39,406,
956,48,39,405,
2238,225,405,
809,39,404,
570,48,39,404,
264,48,39,403,
19,48,39,402,
279,39,401,
535,39,400,
242,48,399,
270,41,39,399,
225,38,48,398,
425,39,396,
340,39,396,
806,48,396,
271,225,395,
441,39,393,
475,38,393,
740,48,39,392,
271,38,392,
1146,41,39,391,
310,32,48,391,
865,48,390,
13041,41,390,
270,38,390,
488,39,389,
438,38,389,
36,41,48,388,
664,48,387,
1135,39,48,386,
79,32,384,
2199,48,383,
279,48,383,
175,48,39,383,
865,39,382,
449,48,382,
229,39,48,382,
310,32,39,382,
1004,39,48,381,
272,48,380,
259,48,380,
1327,41,39,380,
840,38,379,
260,48,379,
396,48,378,
681,48,378,
117,39,48,378,
79,41,39,378,
2383,39,377,
156,48,39,377,
36,41,48,38,377,
374,39,376,
3616,48,376,
1198,48,376,
237,41,48,375,
675,48,374,
16011,48,374,
259,39,374,
809,48,373,
10515,48,39,373,
1783,39,372,
105,48,372,
449,39,372,
475,41,48,39,372,
2238,41,48,371,
1067,48,369,
371,48,369,
270,271,48,369,
581,39,368,
267,48,368,
10446,39,368,
16010,41,39,368,
101,41,39,368,
105,48,38,367,
225,32,48,366,
371,48,38,365,
438,41,39,365,
790,39,364,
56,39,364,
150,39,364,
237,32,48,363,
370,38,362,
16011,48,16010,362,
45,48,39,361,
147,32,359,
479,48,39,358,
2238,32,358,
65,32,48,39,357,
790,39,38,356,
297,39,356,
2383,48,356,
1715,39,356,
161,48,39,356,
549,39,48,355,
390,38,354,
885,39,354,
581,48,353,
150,48,353,
56,39,38,352,
15618,39,352,
237,38,48,39,352,
53,39,351,
916,39,350,
1239,39,350,
1715,48,350,
649,48,39,350,
1578,48,39,350,
2284,39,349,
261,39,349,
2199,39,349,
251,39,349,
438,32,349,
237,32,39,349,
16431,16430,348,
379,48,348,
544,48,39,348,
1693,39,347,
155,39,347,
1327,38,347,
110,41,48,39,347,
1239,48,346,
2437,48,346,
1986,48,346,
11,48,39,346,
271,41,48,346,
4336,39,345,
10446,48,345,
76,48,39,345,
101,38,345,
30,39,344,
878,39,344,
1144,39,344,
8978,48,344,
1814,48,39,344,
36,41,48,39,343,
1043,39,342,
2118,48,341,
441,48,341,
374,48,340,
420,39,340,
405,39,48,340,
1146,32,340,
1046,32,339,
12946,39,339,
251,48,338,
225,38,48,39,337,
913,39,336,
1144,48,336,
31,48,39,336,
533,41,336,
147,41,39,336,
310,38,39,336,
1783,48,335,
766,39,48,335,
16217,41,39,335,
426,39,334,
3904,38,333,
1872,48,333,
2046,39,333,
334,48,39,333,
979,39,332,
1067,39,332,
255,41,332,
79,41,48,332,
170,32,39,332,
961,39,331,
1872,39,331,
261,48,330,
208,48,330,
4336,48,330,
18,48,39,330,
101,41,48,330,
734,48,329,
798,48,329,
297,48,328,
846,39,328,
147,38,328,
426,48,327,
961,48,327,
789,48,39,327,
52,48,326,
208,39,326,
413,32,326,
170,32,39,38,326,
855,39,325,
55,48,325,
976,48,39,325,
65,38,48,39,325,
2329,48,324,
2,39,324,
947,48,324,
947,39,324,
36,32,39,324,
209,39,323,
15618,48,323,
389,48,39,323,
1327,32,323,
53,48,322,
571,39,322,
910,39,322,
10,48,39,322,
23,48,39,322,
107,39,48,322,
15832,41,39,322,
2238,41,48,39,322,
1417,39,321,
103,48,39,321,
255,32,321,
47,39,320,
14933,39,320,
52,39,320,
398,48,320,
398,39,320,
913,48,320,
12929,48,39,320,
824,41,320,
571,48,318,
413,41,39,318,
2135,39,317,
1714,39,317,
2238,225,39,317,
80,39,316,
345,48,316,
1693,48,316,
790,48,315,
623,39,315,
1417,48,315,
16010,41,48,315,
270,41,48,315,
831,39,314,
62,48,314,
155,48,314,
1344,48,39,314,
89,65,314,
47,39,38,313,
178,39,313,
1355,39,313,
910,48,313,
4883,39,313,
1146,41,48,313,
79,38,313,
475,32,39,313,
793,39,312,
209,48,312,
976,117,312,
237,41,48,39,312,
831,48,311,
2118,39,311,
916,48,311,
420,48,311,
13041,41,39,311,
623,48,310,
878,48,310,
269,48,39,310,
812,48,39,310,
271,32,39,310,
1987,39,309,
56,48,309,
55,48,38,309,
271,225,39,309,
2051,39,308,
2437,39,308,
2238,38,39,308,
475,38,39,308,
475,32,48,308,
36,32,39,38,308,
170,32,48,308,
1659,39,307,
790,48,38,307,
704,48,307,
885,48,307,
1435,48,39,307,
1600,48,39,307,
9,41,307,
1327,41,48,307,
310,32,39,48,307,
136,39,306,
1677,48,306,
855,48,306,
1043,48,306,
1146,38,306,
4883,48,305,
2046,48,305,
186,39,48,305,
170,32,48,38,305,
793,48,304,
407,39,48,304,
592,41,303,
12935,48,302,
1479,39,302,
10444,48,302,
806,48,39,302,
703,39,48,302,
2168,39,301,
2051,48,300,
345,39,300,
94,39,300,
242,48,39,300,
533,32,300,
425,39,48,299,
1987,48,298,
30,48,298,
185,41,298,
310,38,48,298,
225,32,48,39,298,
2505,39,297,
846,48,297,
413,38,297,
664,48,39,296,
438,41,48,296,
1529,38,295,
56,48,38,295,
371,48,39,295,
270,225,295,
830,48,294,
2184,39,294,
371,48,39,38,294,
405,10515,294,
12925,38,294,
514,48,293,
2135,48,293,
10444,39,293,
418,39,293,
94,48,293,
3616,1146,293,
175,41,293,
1585,48,292,
2879,39,292,
2284,48,292,
267,48,39,292,
1677,39,291,
2399,39,291,
856,39,291,
675,48,39,291,
105,48,39,291,
270,38,39,291,
1543,39,290,
798,39,290,
8978,41,290,
809,48,39,290,
105,48,39,38,290,
271,38,39,290,
475,38,48,290,
591,39,289,
464,39,48,289,
185,32,289,
8691,48,288,
365,39,288,
281,39,288,
2184,48,288,
1704,39,287,
488,39,48,287,
16217,41,48,287,
413,41,48,287,
432,39,286,
136,48,286,
12946,48,286,
604,41,286,
110,32,39,286,
248,48,285,
2241,39,285,
2080,48,285,
1004,32,285,
2241,48,284,
3799,39,284,
1513,39,284,
2987,48,284,
1020,39,284,
270,271,48,39,284,
110,32,39,38,284,
12951,39,283,
808,39,283,
272,48,39,283,
1714,48,282,
2238,271,282,
1590,38,281,
2080,39,281,
62,39,281,
340,39,48,281,
16010,32,281,
2673,48,280,
591,48,280,
548,32,280,
147,41,48,280,
384,39,279,
490,48,279,
490,39,279,
408,48,279,
704,39,279,
279,48,39,279,
301,32,279,
408,39,278,
396,48,39,278,
1404,48,277,
1198,48,39,277,
8985,39,276,
2399,48,276,
2879,48,276,
8978,48,39,276,
270,32,39,276,
3904,39,275,
248,39,275,
9501,39,275,
1867,48,275,
16011,48,39,275,
681,48,39,275,
535,39,48,275,
772,39,48,275,
533,41,39,275,
47,48,274,
281,39,38,274,
1020,48,274,
1867,39,274,
14933,48,274,
255,41,39,274,
1327,38,39,274,
978,39,273,
1404,39,273,
1479,48,273,
1481,39,272,
865,39,48,272,
175,38,272,
438,38,39,272,
271,41,48,39,272,
514,39,271,
80,48,271,
856,48,271,
260,48,39,271,
255,41,48,271,
1486,48,270,
319,39,270,
2329,39,270,
2383,48,39,270,
3616,48,39,270,
79,41,48,39,270,
101,32,39,270,
2523,48,269,
47,48,38,269,
281,48,269,
16011,48,39,16010,269,
249,38,269,
3904,39,38,268,
1062,39,268,
2,48,268,
286,41,268,
12935,39,267,
694,39,267,
418,48,267,
808,48,267,
255,38,267,
110,32,48,267,
1052,48,266,
13189,39,266,
979,48,266,
2199,39,48,266,
677,32,266,
246,48,265,
2168,48,265,
270,32,48,265,
438,41,48,39,265,
903,39,264,
3799,48,264,
581,48,39,264,
1986,48,39,264,
117,41,264,
13041,41,48,264,
60,41,264,
2238,270,264,
101,41,48,39,264,
110,32,48,38,264,
4698,39,263,
842,39,263,
1585,39,262,
12959,39,262,
824,32,262,
60,32,262,
36,32,48,262,
1361,39,261,
319,48,261,
16010,41,48,39,261,
1355,48,260,
441,48,39,260,
15832,41,48,260,
1146,41,48,39,260,
1327,41,48,39,260,
8691,39,259,
2015,48,259,
246,39,259,
365,48,259,
281,48,38,259,
286,41,38,259,
390,39,258,
2056,48,258,
1659,48,258,
1344,41,258,
249,41,258,
270,41,48,39,258,
10491,39,257,
2056,39,257,
1121,39,257,
592,32,257,
2238,32,39,257,
1188,38,256,
1257,39,256,
1486,39,256,
830,39,256,
2505,48,256,
301,41,256,
338,41,256,
271,32,48,256,
101,32,48,256,
237,32,39,48,256,
734,39,255,
415,48,255,
150,48,39,255,
259,39,48,255,
715,48,254,
547,39,254,
258,41,254,
101,38,39,254,
36,32,48,38,254,
727,48,253,
2353,39,253,
12943,39,253,
53,48,39,253,
379,48,39,253,
201,41,253,
147,38,39,253,
1831,38,252,
1619,39,252,
1003,39,252,
1103,39,252,
1557,39,252,
10653,48,252,
547,48,252,
123,32,252,
840,39,251,
4698,48,251,
432,48,251,
1067,39,48,251,
55,48,39,251,
264,38,251,
310,38,48,39,251,
1003,48,250,
1313,48,250,
1313,39,250,
1103,48,250,
1066,48,250,
1557,48,250,
1121,48,250,
426,48,39,250,
374,48,39,250,
9,32,250,
2775,39,249,
147,32,39,249,
370,39,248,
1257,48,248,
1277,48,248,
1513,48,248,
1113,48,248,
1113,39,248,
533,41,48,248,
2523,39,247,
384,48,247,
37,41,247,
2238,38,48,247,
2673,39,246,
10653,39,246,
1126,48,246,
1126,39,246,
352,48,246,
1704,48,246,
178,48,246,
10446,48,39,246,
37,41,38,246,
504,38,245,
840,39,38,245,
10656,48,245,
1000,39,245,
3502,39,244,
261,48,39,244,
16011,41,244,
79,32,39,244,
438,32,39,244,
1956,48,243,
415,39,243,
8978,41,39,243,
55,48,39,38,243,
255,32,48,243,
475,38,48,39,243,
89,65,48,243,
14099,39,242,
1158,39,242,
297,48,39,242,
548,41,242,
730,39,241,
370,39,38,241,
390,39,38,241,
727,39,241,
1277,39,241,
916,48,39,241,
10490,48,240,
1543,48,240,
9555,39,240,
571,48,39,240,
961,48,39,240,
1783,48,39,240,
3827,39,239,
2775,48,239,
2343,48,239,
52,39,48,239,
790,48,39,239,
1239,48,39,239,
449,39,48,239,
175,41,39,239,
9,41,39,239,
1146,38,39,239,
270,38,48,239,
2492,48,238,
12,48,238,
2987,39,238,
824,41,39,238,
2115,48,237,
10490,39,237,
831,48,39,237,
1973,48,236,
1619,48,236,
1481,48,236,
1066,39,236,
13189,48,236,
16011,41,16010,236,
604,41,39,236,
123,41,236,
270,225,39,236,
2065,39,235,
341,48,235,
2208,39,235,
790,48,39,38,235,
1715,48,39,235,
592,41,39,235,
533,38,235,
10491,48,234,
1144,48,39,234,
16217,41,48,39,234,
147,41,48,39,234,
475,32,48,39,234,
15578,39,233,
2187,48,233,
14099,48,233,
2343,39,233,
640,48,232,
1158,48,232,
9501,48,232,
1062,48,232,
1693,48,39,232,
2118,39,48,232,
913,48,39,232,
78,32,232,
12925,32,232,
271,38,48,232,
237,89,232,
3361,39,231,
878,48,39,231,
15832,32,231,
1393,32,231,
9,41,48,231,
79,38,39,231,
79,32,48,231,
2991,39,230,
2015,39,230,
1214,39,230,
12,39,230,
798,39,48,230,
4336,48,39,230,
12925,38,39,230,
255,32,39,230,
255,41,48,39,230,
101,65,230,
10442,48,229,
734,39,48,229,
13443,39,229,
3361,48,229,
1043,48,39,229,
677,41,229,
286,32,229,
338,32,229,
101,38,48,229,
1027,48,228,
341,39,228,
2135,48,39,228,
12959,48,228,
855,48,39,228,
179,32,228,
589,32,228,
413,41,48,39,228,
310,89,228,
12933,39,227,
640,39,227,
10656,39,227,
438,32,48,227,
65,38,41,227,
2792,48,226,
984,39,226,
1638,48,226,
1930,39,226,
176,48,226,
2284,48,39,226,
56,48,39,226,
310,65,226,
1991,39,225,
2792,39,225,
3964,39,225,
3510,39,225,
956,41,225,
13041,32,225,
89,65,39,225,
164,48,224,
96,39,224,
9555,48,224,
352,39,224,
398,48,39,224,
179,41,224,
49,38,224,
604,32,224,
14098,32,224,
225,38,41,224,
2388,39,223,
1529,39,223,
1638,39,223,
185,41,39,223,
147,32,48,223,
785,39,222,
2208,48,222,
979,48,39,222,
2051,48,39,222,
910,48,39,222,
208,39,48,222,
885,48,39,222,
15618,48,39,222,
286,32,38,222,
1027,39,221,
2552,48,221,
2187,39,221,
351,48,221,
1000,48,221,
16430,39,221,
10444,39,48,221,
740,38,221,
16010,38,221,
2238,271,39,221,
413,38,39,221,
65,32,41,221,
1209,39,220,
75,39,220,
8985,48,220,
351,39,220,
251,48,39,220,
49,41,220,
15832,41,48,39,220,
271,225,48,220,
3759,39,219,
12951,48,219,
16430,48,219,
136,48,39,219,
56,48,39,38,219,
13041,41,48,39,219,
78,38,219,
60,41,39,219,
2238,225,48,219,
270,41,271,219,
424,48,218,
2515,48,218,
1859,39,218,
793,48,39,218,
30,48,39,218,
161,38,218,
824,41,48,218,
195,39,217,
5051,48,217,
715,39,217,
2492,39,217,
13443,48,217,
1987,48,39,217,
1417,48,39,217,
2046,48,39,217,
76,41,217,
2958,41,217,
589,41,217,
185,38,217,
413,32,39,217,
5729,39,216,
213,39,216,
346,48,216,
2254,39,216,
5051,39,216,
47,48,39,216,
806,38,216,
249,32,216,
1146,32,39,216,
255,38,39,216,
413,32,48,216,
534,39,215,
215,39,215,
730,48,215,
1930,48,215,
2353,48,215,
1361,48,215,
694,48,215,
2437,39,48,215,
1393,41,215,
533,41,48,39,215,
147,38,48,215,
237,65,215,
170,32,48,39,215,
3964,48,214,
829,39,214,
2626,48,214,
3502,48,214,
12935,39,48,214,
2241,48,39,214,
2329,39,48,214,
155,48,39,214,
420,48,39,214,
1198,41,214,
3270,41,214,
522,41,214,
36,170,214,
2524,48,213,
2468,39,213,
3510,48,213,
8691,39,48,213,
2115,39,213,
623,48,39,213,
1872,39,48,213,
1344,41,39,213,
413,38,48,213,
225,65,213,
2805,38,212,
643,48,212,
2325,48,212,
1082,48,212,
47,48,39,38,212,
345,39,48,212,
12946,48,39,212,
309,39,211,
1677,39,48,211,
389,38,211,
1146,32,48,211,
438,38,48,211,
1842,39,210,
397,48,210,
2075,39,210,
1081,39,210,
15,48,210,
817,48,210,
390,48,210,
1859,48,210,
591,48,39,210,
2184,48,39,210,
208,41,210,
161,41,210,
185,41,48,210,
36,170,38,210,
89,41,38,210,
597,39,209,
75,48,209,
2065,48,209,
7205,48,209,
7205,39,209,
94,48,39,209,
956,32,209,
249,41,39,209,
1327,32,39,209,
168,39,208,
643,39,208,
10525,48,208,
2325,39,208,
1444,48,208,
15,39,208,
80,48,39,208,
286,41,39,208,
232,48,207,
12943,48,207,
947,48,39,207,
209,48,39,207,
103,38,207,
31,41,207,
249,38,39,207,
225,32,41,207,
1786,39,206,
215,48,206,
10525,39,206,
1444,39,206,
1562,48,206,
840,48,206,
1052,39,206,
3799,48,39,206,
548,38,206,
740,41,206,
592,41,48,206,
4207,48,205,
652,39,205,
1185,39,205,
2091,39,205,
984,48,205,
346,39,205,
2552,39,205,
14933,48,39,205,
2168,48,39,205,
258,41,39,205,
49,32,205,
237,41,38,205,
10943,48,204,
203,48,204,
1360,39,204,
176,39,204,
790,41,204,
3616,41,204,
570,41,204,
264,41,204,
16217,32,204,
4899,39,203,
534,48,203,
978,48,203,
479,41,203,
37,41,39,203,
1393,38,203,
286,41,39,38,203,
2238,32,48,203,
2238,38,48,39,203,
8068,39,202,
1529,39,38,202,
2495,48,202,
751,48,202,
10442,39,202,
1425,39,202,
840,48,38,202,
1404,39,48,202,
790,41,38,202,
19,41,202,
37,41,39,38,202,
110,32,48,39,202,
1209,48,201,
993,48,201,
424,39,201,
842,48,201,
514,39,48,201,
2505,48,39,201,
2958,41,48,201,
783,41,201,
78,41,201,
123,38,201,
310,237,201,
697,39,200,
1081,48,200,
7975,48,200,
3904,48,200,
497,39,200,
829,48,200,
232,39,200,
248,39,48,200,
418,48,39,200,
4883,48,39,200,
242,38,200,
1590,39,199,
2440,39,199,
320,39,199,
203,39,199,
12933,48,199,
2626,39,199,
2879,48,39,199,
604,41,48,199,
3294,39,198,
989,39,198,
397,39,198,
2629,39,198,
2254,48,198,
408,39,48,198,
62,39,48,198,
549,32,198,
18,41,198,
175,32,198,
1004,41,198,
9,38,198,
255,38,48,198,
1327,38,48,198,
225,38,41,39,198,
235,39,197,
1655,48,197,
2629,48,197,
433,39,197,
13174,39,197,
1698,48,197,
993,39,197,
390,48,38,197,
2515,39,197,
365,48,39,197,
1479,48,39,197,
846,48,39,197,
11,41,197,
1600,41,197,
389,32,197,
544,41,197,
649,41,197,
1379,39,196,
504,39,196,
2495,39,196,
610,48,196,
370,48,196,
1082,39,196,
1513,48,39,196,
830,39,48,196,
8978,41,48,196,
229,38,196,
549,41,196,
2238,225,48,39,196,
270,38,48,39,196,
36,32,48,39,196,
3005,38,195,
165,48,195,
1282,39,195,
320,48,195,
3759,48,195,
13032,48,195,
2215,48,195,
1185,48,195,
653,48,195,
1214,48,195,
8978,16010,195,
806,175,195,
604,38,195,
1741,39,194,
1269,39,194,
764,39,194,
907,39,194,
1956,39,194,
1360,48,194,
2505,2284,194,
319,48,39,194,
1659,48,39,194,
178,48,39,194,
2399,48,39,194,
1355,48,39,194,
16011,41,39,194,
464,41,194,
783,32,194,
258,32,194,
301,41,39,194,
2238,270,39,194,
310,89,39,194,
1010,39,193,
805,39,193,
1590,39,38,193,
342,48,193,
4524,39,193,
751,39,193,
3904,48,38,193,
1562,39,193,
1257,48,39,193,
490,48,39,193,
281,48,39,193,
1714,48,39,193,
1135,32,193,
258,41,48,193,
117,32,193,
16217,38,193,
60,38,193,
79,38,48,193,
270,32,48,39,193,
5729,48,192,
9579,39,192,
2749,39,192,
262,39,192,
1196,39,192,
1698,39,192,
653,39,192,
903,48,192,
856,48,39,192,
789,41,192,
5728,39,191,
10605,39,191,
682,48,191,
204,39,191,
622,48,191,
4393,39,191,
96,48,191,
1308,48,191,
1973,39,191,
370,48,38,191,
1585,39,48,191,
704,39,48,191,
103,32,191,
389,41,191,
9,41,48,39,191,
101,89,191,
65,38,41,39,191,
9579,48,190,
1655,39,190,
204,48,190,
12982,39,190,
2633,39,190,
1046,48,190,
2673,39,48,190,
1020,48,39,190,
432,48,39,190,
16011,41,39,16010,190,
229,32,190,
16010,32,48,190,
310,89,48,190,
95,39,189,
168,48,189,
5152,39,189,
1489,39,189,
989,48,189,
13334,48,189,
16431,39,189,
2991,48,189,
785,48,189,
1103,48,39,189,
1543,48,39,189,
1144,249,189,
3616,1146,39,189,
2958,32,189,
117,41,39,189,
255,32,39,48,189,
256,39,188,
414,39,188,
412,39,188,
2164,39,188,
682,39,188,
4994,39,188,
2054,39,188,
921,39,188,
3827,48,188,
4650,48,188,
768,39,188,
1481,48,39,188,
1344,38,188,
229,41,188,
175,41,48,188,
161,32,188,
301,32,48,188,
271,38,48,39,188,
271,32,48,39,188,
2375,48,187,
1333,39,187,
4524,48,187,
652,48,187,
2091,48,187,
4698,48,39,187,
2523,39,48,187,
1867,39,48,187,
2080,39,48,187,
338,41,39,187,
1327,32,48,187,
89,32,41,187,
491,39,186,
2164,48,186,
2464,39,186,
262,48,186,
13032,39,186,
7975,39,186,
16431,39,16430,186,
2987,39,48,186,
2,48,39,186,
1715,41,186,
37,32,186,
310,32,41,186,
110,36,186,
89,65,39,48,186,
285,48,185,
234,39,185,
2440,48,185,
1196,48,185,
4393,48,185,
2958,38,185,
31,32,185,
37,32,38,185,
201,41,39,185,
592,38,185,
1966,39,184,
757,39,184,
4344,39,184,
1976,39,184,
2464,48,184,
5074,39,184,
1172,48,184,
2375,39,184,
235,48,184,
13174,48,184,
4650,39,184,
1308,39,184,
727,39,48,184,
281,48,39,38,184,
976,41,184,
18,32,184,
179,41,39,184,
201,32,184,
301,32,39,184,
338,38,184,
185,32,48,184,
10420,39,183,
2344,39,183,
1001,48,183,
1080,39,183,
166,48,183,
927,39,183,
1808,39,183,
921,48,183,
12951,48,39,183,
13041,38,183,
78,32,48,183,
201,41,48,183,
249,41,48,183,
185,32,39,183,
271,225,48,39,183,
491,48,182,
1564,48,182,
5074,48,182,
2191,39,182,
15578,48,182,
2894,39,182,
610,39,182,
817,39,182,
1003,48,39,182,
246,39,48,182,
23,41,182,
812,32,182,
548,41,39,182,
533,32,39,182,
101,32,48,39,182,
110,36,38,182,
2167,48,181,
2167,39,181,
3279,39,181,
412,48,181,
1939,39,181,
1808,48,181,
2075,48,181,
2633,48,181,
1486,39,48,181,
808,48,39,181,
107,549,181,
78,38,39,181,
14098,38,181,
1146,38,48,181,
60,32,39,181,
101,38,48,39,181,
237,89,39,181,
3311,1819,180,
2344,48,180,
3668,48,180,
718,39,180,
166,39,180,
927,48,180,
66,39,180,
2894,48,180,
2056,39,48,180,
1704,48,39,180,
846,41,180,
396,41,180,
522,32,180,
19,32,180,
1393,41,39,180,
16010,32,39,180,
1183,48,179,
10605,48,179,
1232,48,179,
2965,48,179,
2965,39,179,
2364,48,179,
3317,39,179,
342,39,179,
164,39,179,
3904,48,39,179,
1313,48,39,179,
415,39,48,179,
15618,41,179,
677,32,48,179,
533,32,48,179,
270,41,271,39,179,
475,237,179,
708,39,178,
1143,39,178,
4685,48,178,
2573,39,178,
10420,48,178,
250,48,178,
10551,39,178,
2635,39,178,
2388,48,178,
1281,39,178,
1939,48,178,
195,48,178,
2015,39,48,178,
156,38,178,
405,10515,39,178,
533,38,39,178,
225,32,41,39,178,
1163,48,177,
347,48,177,
4945,48,177,
169,39,177,
684,48,177,
4070,39,177,
1976,48,177,
82,48,177,
622,39,177,
12982,48,177,
1355,175,177,
264,38,39,177,
1004,38,177,
49,41,48,177,
438,32,48,39,177,
2856,48,176,
1602,39,176,
2053,48,176,
1188,39,176,
1172,39,176,
1842,48,176,
2054,48,176,
497,48,176,
10490,39,48,176,
10491,48,39,176,
806,41,176,
107,41,176,
49,38,48,176,
548,41,48,176,
60,65,176,
147,38,48,39,176,
413,65,176,
2259,39,175,
5248,39,175,
3315,39,175,
4070,48,175,
543,39,175,
10451,48,175,
2792,39,48,175,
16431,48,175,
384,48,39,175,
55,41,175,
3270,32,175,
677,41,39,175,
249,237,175,
12925,38,48,175,
270,225,48,175,
1996,39,174,
1899,39,174,
552,48,174,
3668,39,174,
12981,39,174,
278,48,174,
16431,48,16430,174,
1619,48,39,174,
1578,32,174,
3270,38,174,
79,32,48,39,174,
237,89,48,174,
89,41,38,39,174,
5405,39,173,
1282,48,173,
4994,48,173,
433,48,173,
3904,48,39,38,173,
13189,48,39,173,
535,41,173,
570,41,39,173,
766,41,173,
2958,32,48,173,
677,38,173,
592,32,39,173,
338,41,48,173,
89,41,38,48,173,
673,39,172,
12473,39,172,
543,48,172,
4779,48,172,
1034,769,172,
2191,48,172,
3317,48,172,
13334,39,172,
1425,48,172,
14099,48,39,172,
8978,41,48,39,172,
664,38,172,
1344,32,172,
371,41,172,
103,41,172,
76,41,39,172,
10515,41,172,
45,41,172,
37,41,48,172,
37,41,48,38,172,
49,41,39,172,
49,38,39,172,
301,41,48,172,
824,38,172,
824,41,48,39,172,
65,32,41,39,172,
2113,39,171,
805,48,171,
4207,39,171,
278,39,171,
1333,48,171,
1046,48,32,171,
547,48,39,171,
1113,48,39,171,
1067,107,171,
55,41,38,171,
12929,32,171,
371,41,38,171,
78,38,48,171,
548,32,39,171,
604,41,48,39,171,
237,41,38,39,171,
170,89,171,
576,39,170,
308,39,170,
2856,39,170,
5124,48,170,
615,48,170,
128,48,170,
1291,39,170,
718,48,170,
5405,48,170,
504,39,38,170,
1046,39,170,
9501,48,39,170,
352,41,170,
1198,41,39,170,
1578,41,170,
956,41,39,170,
589,38,170,
548,32,48,170,
592,41,48,39,170,
14098,41,170,
255,38,48,39,170,
533,38,48,170,
1327,38,48,39,170,
413,38,48,39,170,
1591,39,169,
2998,48,169,
1938,39,169,
1616,39,169,
1280,39,169,
662,39,169,
3316,48,169,
14386,39,169,
640,39,48,169,
1066,39,48,169,
10653,39,48,169,
976,117,48,169,
1578,38,169,
2958,41,39,169,
170,89,38,169,
1476,39,168,
2998,39,168,
1026,39,168,
4307,48,168,
3635,39,168,
1786,48,168,
684,39,168,
10551,48,168,
938,48,168,
3316,39,168,
2364,39,168,
10451,39,168,
66,48,168,
2115,39,48,168,
8985,48,39,168,
1121,48,39,168,
1062,48,39,168,
522,41,39,168,
161,41,39,168,
117,41,48,168,
49,32,48,168,
123,41,39,168,
123,41,48,168,
185,41,48,39,168,
271,65,168,
475,65,168,
1104,39,167,
795,1819,167,
1294,39,167,
1080,48,167,
2524,39,167,
730,48,39,167,
715,39,48,167,
2775,48,39,167,
10656,39,48,167,
3616,1146,48,167,
264,41,39,167,
479,32,167,
78,41,48,167,
1004,32,39,167,
1004,32,48,167,
249,38,48,167,
740,32,167,
413,101,167,
310,89,48,39,167,
932,39,166,
3635,48,166,
116,39,166,
12473,48,166,
4685,39,166,
1294,48,166,
2625,48,166,
1379,309,166,
8068,48,166,
2749,48,166,
2353,48,39,166,
1557,48,39,166,
1277,39,48,166,
11,41,39,166,
772,32,166,
1344,41,48,166,
1600,32,166,
175,38,39,166,
175,41,48,39,166,
677,41,48,166,
824,32,48,166,
310,38,41,166,
10074,39,165,
925,39,165,
489,48,165,
3012,39,165,
1629,48,165,
1010,48,165,
1602,48,165,
611,39,165,
1280,48,165,
82,39,165,
938,39,165,
1763,39,165,
697,48,165,
1027,39,48,165,
390,48,39,165,
1126,48,39,165,
208,41,39,165,
340,41,165,
16011,41,48,165,
405,32,165,
45,38,165,
31,38,165,
185,38,39,165,
310,225,165,
4975,39,164,
887,48,164,
767,48,164,
1804,39,164,
924,48,164,
167,48,164,
492,39,164,
2915,39,164,
536,48,164,
2763,39,164,
2997,39,164,
423,39,164,
1763,48,164,
2425,39,164,
2215,39,164,
1638,39,48,164,
978,48,39,164,
3502,48,39,164,
1000,48,39,164,
78,41,39,164,
438,38,48,39,164,
1819,39,163,
587,48,163,
1,39,163,
8867,39,163,
563,39,163,
107,32,163,
10515,32,163,
2958,38,48,163,
258,41,48,39,163,
201,65,163,
740,41,39,163,
592,32,48,163,
338,32,48,163,
147,32,48,39,163,
310,65,48,163,
225,89,163,
225,32,38,163,
89,32,41,39,163,
1727,38,162,
2599,39,162,
1527,39,162,
282,48,162,
1994,48,162,
69,39,162,
767,39,162,
77,48,162,
2420,39,162,
1013,39,162,
1014,48,162,
95,48,162,
2997,48,162,
1001,39,162,
423,48,162,
1209,48,39,162,
2468,48,162,
3361,48,39,162,
694,48,39,162,
1872,41,162,
1135,32,48,162,
956,38,162,
31,41,39,162,
258,38,162,
179,38,162,
179,32,39,162,
15832,38,162,
1393,38,39,162,
3149,39,161,
2177,39,161,
576,48,161,
3451,39,161,
344,48,161,
1269,48,161,
3279,48,161,
611,48,161,
2625,39,161,
511,39,161,
662,48,161,
3294,48,161,
1281,48,161,
1956,39,48,161,
309,48,161,
1859,352,161,
12,39,48,161,
789,32,161,
976,117,39,161,
783,41,39,161,
179,41,48,161,
78,32,39,161,
60,41,48,161,
310,65,39,161,
310,32,41,39,161,
9001,39,160,
399,39,160,
5728,48,160,
1831,39,160,
536,39,160,
347,39,160,
165,164,160,
165,39,160,
1188,39,38,160,
1291,48,160,
5,39,160,
2425,48,160,
12981,48,160,
213,48,160,
3964,48,39,160,
75,48,39,160,
341,39,48,160,
156,41,160,
405,10515,48,160,
2958,41,39,48,160,
3270,41,48,160,
179,32,48,160,
1393,32,39,160,
286,41,48,160,
110,170,160,
1538,39,159,
171,39,159,
3221,48,159,
4339,39,159,
2350,48,159,
1378,39,159,
597,48,159,
205,39,159,
169,48,159,
5,48,159,
1080,309,159,
3759,48,39,159,
984,48,39,159,
16011,41,48,16010,159,
3270,41,39,159,
161,38,39,159,
16010,38,39,159,
36,237,159,
225,65,39,159,
2394,48,158,
2746,39,158,
151,39,158,
282,39,158,
3404,48,158,
1378,1379,158,
133,48,158,
795,48,158,
753,48,158,
4779,39,158,
215,48,39,158,
2187,39,48,158,
2208,48,39,158,
842,48,39,158,
855,41,158,
789,41,39,158,
544,41,39,158,
405,41,158,
264,41,48,158,
589,41,39,158,
740,38,39,158,
2238,32,48,39,158,
147,65,158,
110,170,38,158,
170,32,41,158,
1537,39,157,
711,39,157,
1160,48,157,
10568,48,157,
987,39,157,
4307,39,157,
753,39,157,
1014,39,157,
3462,39,157,
2053,39,157,
1034,39,157,
768,48,157,
3616,32,157,
3616,41,39,157,
812,41,157,
18,41,39,157,
264,38,48,157,
286,41,48,38,157,
36,237,38,157,
1652,39,156,
220,39,156,
565,39,156,
926,39,156,
3404,39,156,
3291,39,156,
133,39,156,
69,48,156,
1160,39,156,
651,39,156,
795,39,156,
1819,48,156,
925,48,156,
1372,39,156,
2843,48,156,
552,39,156,
1831,39,38,156,
587,39,156,
1903,48,156,
2596,48,156,
1379,48,156,
397,39,48,156,
1046,39,32,156,
1859,41,156,
374,41,156,
1715,32,156,
681,41,156,
60,32,48,156,
413,32,48,39,156,
89,32,41,48,156,
639,39,155,
1345,39,155,
1249,48,155,
760,39,155,
3102,39,155,
10568,39,155,
10513,48,155,
757,48,155,
3151,48,155,
563,48,155,
3315,48,155,
250,39,155,
5729,48,39,155,
1489,48,155,
260,38,155,
488,32,155,
389,41,39,155,
76,32,155,
264,32,155,
15832,32,39,155,
249,41,48,39,155,
604,38,39,155,
9,32,48,155,
9,32,39,155,
170,32,41,38,155,
2011,39,154,
4720,39,154,
583,39,154,
1072,39,154,
399,48,154,
3321,39,154,
2441,48,154,
2186,39,154,
189,39,154,
489,39,154,
550,39,154,
10448,39,154,
116,48,154,
1096,48,154,
2573,48,154,
390,48,39,38,154,
1158,48,39,154,
790,41,39,154,
2437,41,154,
279,41,154,
1135,41,154,
259,41,154,
449,32,154,
269,41,154,
549,548,154,
76,41,48,154,
479,41,39,154,
783,38,154,
12925,41,154,
60,38,39,154,
237,170,154,
237,225,154,
706,39,153,
1060,39,153,
759,39,153,
2103,48,153,
1594,39,153,
350,39,153,
50,39,153,
1318,39,153,
1609,39,153,
987,48,153,
206,48,153,
206,39,153,
764,48,153,
10943,39,153,
10525,39,48,153,
2168,41,153,
790,41,39,38,153,
267,38,153,
407,41,153,
570,32,153,
1393,32,48,153,
9,38,39,153,
2238,271,48,153,
270,225,48,39,153,
475,89,153,
36,89,153,
3774,48,152,
6128,39,152,
2528,39,152,
104,39,152,
1591,48,152,
388,39,152,
2177,48,152,
1966,48,152,
2225,39,152,
205,48,152,
2988,39,152,
285,39,152,
1096,39,152,
5248,48,152,
2635,48,152,
907,48,152,
168,48,39,152,
5152,48,152,
2065,48,39,152,
1052,39,48,152,
623,41,152,
1814,41,152,
570,41,48,152,
956,41,48,152,
79,38,48,39,152,
36,65,152,
237,170,38,152,
65,38,41,48,152,
65,32,41,48,152,
5358,39,151,
1593,39,151,
3292,48,151,
1249,39,151,
1784,39,151,
3311,39,151,
1378,309,151,
2815,48,151,
1804,48,151,
924,39,151,
837,48,151,
1899,48,151,
3012,48,151,
2370,39,151,
8867,48,151,
227,39,151,
2254,48,39,151,
424,39,48,151,
903,48,39,151,
352,39,48,151,
178,175,151,
186,32,151,
549,41,39,151,
649,38,151,
37,41,48,39,151,
1393,41,48,151,
123,32,39,151,
123,32,48,151,
271,32,41,151,
237,65,48,151,
1593,48,150,
1744,39,150,
529,48,150,
1818,795,150,
911,48,150,
1784,48,150,
2406,39,150,
3189,48,150,
647,769,150,
3160,39,150,
1013,48,150,
2212,39,150,
3151,39,150,
308,1269,150,
1786,48,39,150,
1629,39,150,
5124,39,150,
643,39,48,150,
10442,39,48,150,
2626,39,48,150,
5051,39,48,150,
1783,41,150,
105,41,150,
1198,41,48,150,
1135,38,150,
449,41,150,
23,41,39,150,
677,32,39,150,
49,32,39,150,
185,38,48,150,
1327,38,41,150,
101,89,48,150,
36,89,38,150,
3005,39,149,
2663,39,149,
11840,39,149,
529,39,149,
9669,39,149,
1996,48,149,
1527,48,149,
2983,39,149,
565,48,149,
1395,39,149,
3311,48,149,
760,48,149,
3291,48,149,
1104,48,149,
1595,48,149,
612,39,149,
308,48,149,
10448,48,149,
1616,48,149,
1269,309,149,
2596,39,149,
2388,48,39,149,
2629,48,39,149,
15578,48,39,149,
1361,48,39,149,
9555,48,39,149,
47,32,149,
12959,48,39,149,
208,41,48,149,
1715,41,39,149,
229,41,39,149,
544,32,149,
249,38,48,39,149,
14098,32,39,149,
270,38,271,149,
310,32,41,48,149,
237,65,39,149,
10423,48,148,
3966,39,148,
2113,48,148,
2103,39,148,
3683,39,148,
491,48,39,148,
2441,39,148,
1595,39,148,
2843,39,148,
167,39,148,
492,48,148,
3462,48,148,
3827,48,39,148,
15,39,48,148,
829,48,39,148,
3510,48,39,148,
2552,39,48,148,
1930,48,39,148,
1067,32,148,
1986,41,148,
11,41,48,148,
1600,41,39,148,
1146,38,48,39,148,
89,32,38,148,
5651,39,147,
1060,48,147,
493,39,147,
2805,39,147,
1818,39,147,
4940,48,147,
1012,48,147,
1071,48,147,
3311,795,147,
2350,39,147,
1378,48,147,
1372,48,147,
2763,48,147,
244,48,147,
534,48,39,147,
2325,39,48,147,
840,48,39,147,
47,32,38,147,
2199,41,147,
8978,16010,39,147,
105,41,38,147,
1198,32,147,
12929,38,147,
772,41,147,
107,548,147,
589,32,39,147,
201,38,147,
12925,38,48,39,147,
36,65,38,147,
1818,48,146,
6128,48,146,
200,39,146,
1332,48,146,
550,48,146,
2370,48,146,
244,39,146,
1842,48,39,146,
203,39,48,146,
346,39,48,146,
2343,39,48,146,
16011,32,146,
269,32,146,
1344,41,48,39,146,
229,38,39,146,
156,32,146,
389,38,39,146,
649,32,146,
956,32,39,146,
12925,32,48,146,
270,32,271,146,
237,89,48,39,146,
1678,48,145,
1818,1819,145,
708,48,145,
1609,14933,145,
2561,48,145,
10513,39,145,
2420,48,145,
2212,48,145,
10605,48,39,145,
4642,39,145,
5729,2238,145,
96,48,39,145,
370,48,39,145,
840,48,39,38,145,
1043,32,145,
1067,41,145,
186,41,145,
55,41,39,145,
488,41,145,
570,38,145,
649,41,39,145,
2958,38,39,145,
548,41,48,39,145,
592,38,39,145,
338,32,39,145,
14098,38,39,145,
310,38,41,39,145,
2805,39,38,144,
9843,39,144,
2746,48,144,
4630,48,144,
911,39,144,
606,39,144,
1897,48,144,
414,48,144,
128,39,144,
4899,48,144,
1185,48,39,144,
176,39,48,144,
384,41,144,
2184,41,144,
878,41,144,
846,41,39,144,
229,41,48,144,
229,38,48,144,
76,38,144,
19,41,39,144,
13041,32,39,144,
286,32,39,144,
301,65,144,
604,32,39,144,
824,32,39,144,
2238,270,48,144,
36,225,144,
237,32,38,144,
2480,39,143,
596,39,143,
3186,39,143,
2788,48,143,
3808,48,143,
1964,48,143,
222,48,143,
2728,39,143,
4630,39,143,
440,48,143,
4316,39,143,
2188,48,143,
4209,39,143,
2634,39,143,
4339,48,143,
388,48,143,
1318,48,143,
3194,39,143,
2440,48,39,143,
235,48,39,143,
842,175,143,
12943,48,39,143,
94,41,143,
251,32,143,
279,32,143,
1435,41,143,
522,41,48,143,
179,147,143,
548,38,39,143,
286,32,39,38,143,
1146,32,48,39,143,
533,38,48,39,143,
60,89,143,
2238,38,41,143,
475,32,41,143,
36,170,39,143,
3005,39,38,142,
1964,39,142,
2983,48,142,
447,39,142,
926,48,142,
2723,48,142,
2988,48,142,
1,48,142,
4945,39,142,
1081,48,39,142,
1444,39,48,142,
12933,48,39,142,
370,48,39,38,142,
13443,48,39,142,
1986,38,142,
105,32,142,
16011,32,16010,142,
464,41,39,142,
976,32,142,
175,225,142,
13041,32,48,142,
49,41,39,48,142,
201,41,48,39,142,
60,41,48,39,142,
1327,32,48,39,142,
2150,48,141,
713,39,141,
4105,39,141,
8730,39,141,
1789,48,141,
2011,48,141,
1275,39,141,
849,39,141,
392,48,141,
1897,39,141,
1163,39,141,
2915,48,141,
1903,39,141,
1379,1080,141,
412,48,39,141,
751,39,48,141,
2091,48,39,141,
1973,39,48,141,
2492,39,48,141,
297,544,141,
10446,32,141,
55,41,39,38,141,
1344,38,39,141,
107,38,141,
334,32,141,
103,38,39,141,
19,38,141,
78,38,48,39,141,
548,38,48,141,
301,41,48,39,141,
14098,32,48,141,
237,32,41,141,
225,65,48,141,
225,38,41,48,141,
3535,39,140,
1380,39,140,
939,48,140,
1016,48,140,
11747,39,140,
171,48,140,
1818,3311,140,
4940,39,140,
447,48,140,
2188,39,140,
2634,48,140,
3321,48,140,
932,48,140,
1232,39,140,
1564,39,140,
2375,39,48,140,
2495,39,48,140,
1698,39,48,140,
993,39,48,140,
785,48,39,140,
961,107,140,
865,32,140,
260,41,140,
664,32,140,
107,41,39,140,
549,41,48,140,
175,13041,140,
117,32,48,140,
301,38,140,
270,225,271,140,
270,32,41,140,
36,170,39,38,140,
170,89,48,140,
170,89,48,38,140,
4221,48,139,
558,48,139,
493,48,139,
2394,39,139,
2874,39,139,
108,48,139,
440,39,139,
200,48,139,
2276,48,139,
77,39,139,
1497,39,139,
1026,48,139,
2167,48,39,139,
3194,48,139,
989,48,39,139,
320,48,39,139,
1655,39,48,139,
1529,48,139,
2991,48,39,139,
885,441,139,
1144,32,139,
269,38,139,
156,38,39,139,
479,38,139,
783,41,48,139,
179,41,48,39,139,
19,41,48,139,
49,38,39,48,139,
604,32,48,139,
14098,41,39,139,
1146,32,41,139,
1592,39,138,
1642,39,138,
3276,48,138,
1342,39,138,
10611,39,138,
2286,39,138,
43,39,138,
3808,39,138,
2147,48,138,
1538,48,138,
9669,48,138,
650,39,138,
220,48,138,
13182,39,138,
2874,48,138,
759,48,138,
887,39,138,
1395,48,138,
3189,39,138,
684,166,138,
234,48,138,
164,39,48,138,
1121,41,138,
1355,41,138,
790,41,48,138,
2199,32,138,
806,32,138,
544,41,48,138,
18,41,48,138,
783,32,39,138,
1004,41,39,138,
589,41,48,138,
338,41,48,39,138,
101,310,138,
101,65,39,138,
36,225,38,138,
51,39,137,
2097,39,137,
1016,39,137,
5782,39,137,
4201,48,137,
896,48,137,
650,48,137,
2052,39,137,
486,48,137,
851,48,137,
15345,48,137,
749,39,137,
1269,1080,137,
2075,48,39,137,
7205,48,39,137,
1214,48,39,137,
910,32,137,
913,41,137,
8978,32,137,
789,41,48,137,
371,41,39,137,
570,41,48,39,137,
976,41,39,137,
1578,41,39,137,
242,38,39,137,
258,32,39,137,
37,32,39,137,
37,32,39,38,137,
1393,38,48,137,
1393,41,48,39,137,
301,32,39,48,137,
592,38,48,137,
1327,65,137,
101,89,39,137,
310,65,39,48,137,
225,89,39,137,
3537,39,136,
2389,48,136,
6118,39,136,
199,39,136,
3774,39,136,
3724,48,136,
1072,48,136,
12677,48,136,
9304,48,136,
1994,39,136,
2528,48,136,
1332,39,136,
597,48,39,136,
3451,48,136,
1183,39,136,
805,48,39,136,
4207,39,48,136,
769,39,136,
790,41,48,38,136,
105,32,38,136,
1135,41,48,136,
16011,41,48,39,136,
379,41,136,
806,41,39,136,
1435,32,136,
371,41,39,38,136,
78,41,39,48,136,
589,32,48,136,
16010,32,39,48,136,
9,65,136,
475,38,41,136,
110,36,39,136,
289,39,135,
573,48,135,
1390,39,135,
2469,39,135,
5767,39,135,
3055,48,135,
4975,48,135,
402,39,135,
2147,39,135,
583,48,135,
2599,48,135,
3006,48,135,
406,48,135,
1815,48,135,
4316,48,135,
392,39,135,
612,48,135,
3160,48,135,
10420,48,39,135,
511,48,135,
4642,48,135,
9579,48,39,135,
2164,48,39,135,
2524,39,48,135,
204,48,39,135,
3616,38,135,
464,41,48,135,
806,38,39,135,
766,41,39,135,
649,41,48,135,
16217,38,39,135,
1327,38,41,39,135,
310,225,39,135,
110,36,39,38,135,
1184,39,134,
2476,39,134,
813,39,134,
2378,39,134,
51,48,134,
10423,39,134,
1380,309,134,
13043,39,134,
1678,39,134,
1345,48,134,
2052,48,134,
2728,48,134,
849,48,134,
599,39,134,
256,48,134,
1741,48,134,
1188,48,134,
718,48,39,134,
2464,48,39,134,
342,39,48,134,
195,48,39,134,
7975,39,48,134,
1859,48,39,134,
432,41,134,
4336,41,134,
809,41,134,
1135,32,39,134,
396,32,134,
396,41,39,134,
681,32,134,
10,41,134,
664,41,134,
229,32,48,134,
264,41,48,39,134,
956,32,48,134,
242,32,134,
31,41,48,134,
117,41,48,39,134,
15832,32,48,134,
286,41,48,39,134,
79,225,134,
3276,39,133,
83,39,133,
2150,39,133,
193,39,133,
434,39,133,
4891,48,133,
6118,48,133,
2002,48,133,
222,39,133,
2706,39,133,
1085,39,133,
104,48,133,
2815,39,133,
837,39,133,
4070,48,39,133,
1282,48,39,133,
1808,48,39,133,
2515,39,48,133,
267,41,133,
15618,41,39,133,
10446,41,133,
703,32,133,
338,38,39,133,
36,32,41,133,
1670,39,132,
1517,39,132,
939,39,132,
2554,39,132,
68,39,132,
880,48,132,
880,39,132,
337,48,132,
10818,48,132,
2706,48,132,
3553,39,132,
5728,48,39,132,
189,48,132,
673,48,132,
764,48,39,132,
2965,48,39,132,
8068,48,39,132,
697,48,39,132,
14386,48,132,
13032,39,48,132,
1196,48,39,132,
420,41,132,
809,32,132,
11,32,132,
703,41,132,
389,32,39,132,
117,38,132,
13041,38,39,132,
78,32,39,48,132,
249,32,48,132,
1146,225,132,
12925,41,39,132,
12925,32,39,132,
255,65,132,
237,41,38,48,132,
170,89,39,132,
225,89,48,132,
1905,39,131,
2064,39,131,
593,39,131,
828,48,131,
1063,39,131,
141,48,131,
40,39,131,
3006,39,131,
660,39,131,
1652,48,131,
98,39,131,
4170,48,131,
4170,39,131,
1594,48,131,
3294,48,39,131,
166,39,48,131,
1308,39,48,131,
232,39,48,131,
2505,2284,39,131,
808,41,131,
793,41,131,
961,32,131,
865,41,131,
405,38,131,
45,41,39,131,
479,41,48,131,
310,237,39,131,
310,38,41,48,131,
170,89,39,38,131,
1166,39,130,
2708,39,130,
4913,39,130,
4111,48,130,
1055,39,130,
2378,48,130,
2239,39,130,
828,39,130,
755,48,130,
3537,3535,130,
5358,48,130,
2117,48,130,
1459,39,130,
2286,48,130,
1275,48,130,
9843,48,130,
151,48,130,
2990,48,130,
2998,39,48,130,
1609,48,130,
3102,48,130,
1938,48,130,
615,39,130,
1269,48,39,130,
682,39,48,130,
622,39,48,130,
262,48,39,130,
433,48,39,130,
4393,48,39,130,
846,32,130,
1814,38,130,
535,32,130,
535,41,39,130,
103,41,39,130,
549,32,48,130,
18,38,130,
1004,41,48,130,
677,41,48,39,130,
16010,38,48,130,
101,237,130,
1598,39,129,
3086,48,129,
566,39,129,
713,48,129,
3412,39,129,
4891,39,129,
2506,48,129,
2413,48,129,
13043,48,129,
851,39,129,
3553,48,129,
651,48,129,
1976,48,39,129,
4994,48,39,129,
2054,48,39,129,
610,39,48,129,
351,39,48,129,
1659,41,129,
947,41,129,
675,41,129,
272,41,129,
3616,41,48,129,
1135,38,48,129,
1814,32,129,
107,41,48,129,
10515,41,39,129,
3270,38,39,129,
3270,38,48,129,
522,38,129,
49,32,39,48,129,
123,38,48,129,
9,38,48,129,
475,89,39,129,
310,237,48,129,
36,89,39,129,
170,225,129,
170,225,38,129,
3202,39,128,
274,39,128,
1408,39,128,
3021,39,128,
5782,48,128,
3735,48,128,
1744,48,128,
1996,48,39,128,
9001,48,128,
2990,39,128,
108,39,128,
4209,48,128,
15345,39,128,
350,48,128,
50,48,128,
2186,48,128,
4344,48,128,
1602,48,39,128,
1269,1379,128,
2344,48,39,128,
1172,39,48,128,
297,41,128,
30,41,128,
374,41,39,128,
15618,32,128,
2046,41,128,
806,175,39,128,
766,32,128,
2958,38,39,48,128,
161,41,48,128,
548,32,48,39,128,
249,32,39,128,
286,32,48,128,
592,32,48,39,128,
14098,41,48,128,
123,38,39,128,
185,32,39,48,128,
147,101,128,
36,89,39,38,128,
36,32,41,38,128,
65,38,32,128,
2822,48,127,
13556,39,127,
698,39,127,
85,48,127,
2480,48,127,
5108,39,127,
193,48,127,
4105,48,127,
2537,39,127,
2663,48,127,
5767,48,127,
3319,39,127,
68,48,127,
2788,39,127,
560,39,127,
13182,48,127,
3221,39,127,
486,39,127,
2723,39,127,
2259,48,127,
166,164,127,
921,48,39,127,
4524,48,39,127,
652,48,39,127,
497,48,39,127,
817,39,48,127,
53,41,127,
961,41,127,
1715,41,48,127,
1198,41,48,39,127,
681,38,127,
11,41,48,39,127,
664,38,39,127,
286,32,48,38,127,
604,38,48,127,
338,38,48,127,
79,32,41,127,
101,65,48,127,
1905,48,126,
5651,48,126,
85,39,126,
1642,48,126,
9617,39,126,
1387,48,126,
660,48,126,
9304,39,126,
2561,39,126,
1010,48,39,126,
95,48,39,126,
5152,48,39,126,
1872,32,126,
441,809,126,
251,41,126,
272,38,126,
407,32,126,
11,38,126,
18,32,39,126,
2958,32,39,126,
3270,41,39,48,126,
258,32,48,126,
604,65,126,
533,32,48,39,126,
475,237,48,126,
225,32,41,48,126,
445,39,125,
3402,3535,125,
0,39,125,
2840,39,125,
5127,48,125,
1517,48,125,
5968,39,125,
11254,39,125,
3047,39,125,
211,39,125,
3412,48,125,
2413,39,125,
10939,39,125,
43,48,125,
199,48,125,
406,39,125,
10818,39,125,
12677,39,125,
3683,48,125,
749,48,125,
3315,48,39,125,
1188,48,38,125,
1280,48,39,125,
3668,39,48,125,
1529,48,38,125,
1355,38,125,
916,41,125,
2046,32,125,
272,32,125,
156,41,39,125,
10515,41,48,125,
956,38,39,125,
31,32,39,125,
117,32,39,125,
60,38,48,125,
2238,271,48,39,125,
89,32,38,48,125,
236,39,124,
1805,39,124,
1791,39,124,
64,48,124,
1315,39,124,
3324,39,124,
5968,48,124,
6602,39,124,
1023,39,124,
2469,48,124,
1380,48,124,
711,48,124,
1342,48,124,
1161,39,124,
2002,39,124,
639,48,124,
442,48,124,
3966,48,124,
337,39,124,
3311,795,1819,124,
308,1379,124,
4685,39,48,124,
1294,48,39,124,
1001,39,48,124,
5405,48,39,124,
1590,48,124,
927,48,39,124,
501,48,124,
1360,48,39,124,
653,39,48,124,
3904,41,124,
1082,39,48,124,
16430,48,39,124,
352,41,39,124,
178,38,124,
426,41,124,
398,41,124,
208,41,48,39,124,
2437,32,124,
1986,41,39,124,
340,38,124,
789,41,48,39,124,
1135,41,39,124,
260,32,124,
12929,41,124,
389,41,48,124,
1578,38,39,124,
1578,32,39,124,
405,10515,48,39,124,
783,65,124,
179,38,39,124,
589,38,39,124,
270,41,271,48,124,
110,32,41,124,
36,237,39,124,
89,32,38,39,124,
5323,39,123,
4342,39,123,
763,39,123,
6630,39,123,
1433,39,123,
3638,48,123,
500,39,123,
3535,48,123,
2351,39,123,
525,39,123,
1012,39,123,
10074,48,123,
599,48,123,
1143,48,123,
213,48,39,123,
309,48,39,123,
2468,48,39,123,
8978,38,123,
8978,16010,48,123,
340,41,39,123,
23,32,123,
649,38,39,123,
956,41,48,39,123,
783,38,39,123,
179,301,123,
123,41,39,48,123,
60,32,48,39,123,
2238,65,123,
413,89,123,
101,38,41,123,
110,32,41,38,123,
2408,39,122,
1837,39,122,
731,39,122,
485,39,122,
13060,48,122,
566,48,122,
558,39,122,
2506,39,122,
98,48,122,
1071,39,122,
767,39,48,122,
2225,48,122,
344,39,122,
285,39,48,122,
2053,39,48,122,
165,39,48,122,
169,48,39,122,
2191,48,39,122,
12982,48,39,122,
1425,48,39,122,
1562,39,48,122,
1987,41,122,
1239,41,122,
279,38,122,
464,32,122,
976,41,48,122,
405,41,39,122,
37,32,48,122,
37,32,48,38,122,
16217,32,48,122,
16217,32,39,122,
36,65,39,122,
36,237,39,38,122,
170,32,41,39,122,
3171,48,121,
445,48,121,
3240,48,121,
2800,48,121,
2810,39,121,
3086,39,121,
331,39,121,
3896,39,121,
1023,48,121,
13060,39,121,
2621,39,121,
1772,39,121,
141,39,121,
4201,39,121,
525,48,121,
282,39,48,121,
2276,39,121,
2406,48,121,
5728,2238,121,
757,48,39,121,
5074,48,39,121,
1281,48,39,121,
1939,48,39,121,
13174,48,39,121,
16430,41,121,
1714,41,121,
571,41,121,
261,38,121,
56,32,121,
340,32,121,
334,41,121,
371,32,121,
371,32,38,121,
570,38,39,121,
1600,41,48,121,
229,41,48,39,121,
76,41,48,39,121,
264,38,48,39,121,
258,38,48,121,
78,89,121,
824,38,39,121,
185,38,48,39,121,
475,89,48,121,
475,237,39,121,
237,170,39,121,
4886,39,120,
10598,39,120,
4143,48,120,
1615,39,120,
289,48,120,
2800,39,120,
4342,48,120,
421,39,120,
1640,39,120,
13049,39,120,
1428,39,120,
1592,48,120,
2842,39,120,
314,39,120,
1796,39,120,
434,48,120,
1771,39,120,
1233,39,120,
382,39,120,
3021,48,120,
896,39,120,
3149,48,120,
1378,1269,120,
925,48,39,120,
1831,48,120,
347,39,48,120,
12473,48,39,120,
2856,39,48,120,
4899,48,39,120,
82,39,48,120,
1590,48,38,120,
10451,39,48,120,
1991,48,120,
2633,48,39,120,
3904,41,38,120,
2254,79,120,
979,41,120,
365,41,120,
281,41,120,
910,41,120,
790,32,120,
261,41,120,
704,41,120,
2383,41,120,
2437,38,120,
15618,41,48,120,
105,41,39,120,
1135,32,39,48,120,
379,38,120,
681,41,39,120,
766,41,48,120,
1600,38,120,
812,41,39,120,
549,32,39,120,
2958,32,39,48,120,
783,41,48,39,120,
175,32,39,120,
175,38,48,120,
589,65,120,
201,32,39,120,
201,32,48,120,
301,101,120,
533,89,120,
2238,270,48,39,120,
2238,38,41,39,120,
147,32,41,120,
475,65,39,120,
110,170,39,120,
2721,48,119,
1180,39,119,
1215,39,119,
5289,39,119,
3402,39,119,
2708,48,119,
2812,39,119,
15798,39,119,
4251,48,119,
4144,48,119,
1739,48,119,
1115,39,119,
44,39,119,
6602,48,119,
243,48,119,
3185,39,119,
2389,39,119,
2621,48,119,
3756,48,119,
10611,48,119,
1476,48,119,
1104,48,39,119,
684,39,48,119,
1080,48,39,119,
4650,39,48,119,
1046,39,48,119,
2673,41,119,
352,41,48,119,
178,32,119,
1987,32,119,
855,38,119,
56,41,119,
885,809,119,
1067,549,119,
4336,32,119,
150,41,119,
279,41,39,119,
105,41,39,38,119,
488,38,119,
229,32,39,119,
389,38,48,119,
242,41,119,
783,32,48,119,
522,41,48,39,119,
1004,38,39,119,
338,65,119,
475,32,41,39,119,
110,170,39,38,119,
36,65,39,38,119,
237,170,39,38,119,
2039,39,118,
5346,48,118,
3236,39,118,
4221,39,118,
1166,48,118,
10128,39,118,
10481,48,118,
4360,48,118,
2058,39,118,
14634,39,118,
1811,39,118,
573,39,118,
1315,48,118,
325,39,118,
243,39,118,
1387,39,118,
11840,48,118,
8730,48,118,
1789,39,118,
1161,48,118,
1459,48,118,
442,39,118,
3735,39,118,
2113,48,39,118,
3292,39,118,
576,48,39,118,
987,48,39,118,
4307,39,48,118,
165,164,48,118,
250,39,48,118,
1379,309,39,118,
662,48,39,118,
5729,41,118,
13334,39,48,118,
2208,41,118,
591,32,118,
47,32,39,118,
2284,41,118,
790,32,38,118,
2118,32,118,
2383,32,118,
2437,41,39,118,
675,32,118,
186,41,39,118,
407,41,39,118,
1435,41,39,118,
976,38,118,
1578,41,48,118,
31,38,39,118,
60,310,118,
271,32,41,39,118,
914,39,117,
801,39,117,
1877,39,117,
3903,39,117,
10598,48,117,
3271,48,117,
4859,39,117,
698,48,117,
64,39,117,
13056,39,117,
3202,48,117,
2240,48,117,
2240,39,117,
59,48,117,
5108,48,117,
968,48,117,
3638,39,117,
2263,39,117,
3185,48,117,
739,39,117,
3055,39,117,
3186,48,117,
1593,48,39,117,
560,48,117,
1527,48,39,117,
1085,48,117,
399,48,39,117,
606,48,117,
3404,39,48,117,
1378,1080,117,
1378,309,1379,117,
69,48,39,117,
1966,48,39,117,
552,39,48,117,
1831,48,38,117,
543,48,39,117,
278,39,48,117,
1333,48,39,117,
501,39,117,
246,41,117,
352,32,117,
47,32,39,38,117,
136,41,117,
2168,41,39,117,
798,41,117,
855,41,39,117,
56,32,38,117,
1043,237,117,
1067,41,39,117,
15618,38,117,
3616,1146,48,39,117,
806,38,48,117,
812,32,48,117,
544,41,48,39,117,
18,32,48,117,
405,32,39,117,
179,32,48,39,117,
15832,38,39,117,
249,237,39,117,
592,89,117,
2238,225,41,117,
147,89,117,
310,225,48,117,
237,65,39,48,117,
225,32,38,39,117,
3973,39,116,
2493,48,116,
2822,39,116,
1184,48,116,
228,48,116,
2793,39,116,
2855,39,116,
13056,48,116,
331,48,116,
1159,48,116,
127,48,116,
500,48,116,
1063,48,116,
1773,39,116,
1380,1080,116,
1772,48,116,
706,48,116,
382,48,116,
2537,48,116,
596,48,116,
3319,48,116,
11747,48,116,
4975,48,39,116,
2011,48,39,116,
1818,1819,795,116,
2350,39,48,116,
1591,48,39,116,
5248,48,39,116,
3279,48,39,116,
1379,48,39,116,
2749,48,39,116,
3317,48,39,116,
2991,175,116,
351,38,116,
14933,41,116,
2329,32,116,
56,41,38,116,
1144,41,116,
425,41,116,
251,38,116,
396,41,48,116,
407,41,48,116,
103,38,48,116,
229,38,48,39,116,
156,38,48,116,
549,41,48,39,116,
45,32,116,
3270,32,48,116,
258,38,39,116,
161,38,48,116,
16217,38,48,116,
824,38,48,116,
16010,38,41,116,
475,38,41,39,116,
36,225,39,116,
36,89,48,116,
1145,39,115,
4801,39,115,
12996,39,115,
4548,48,115,
4771,39,115,
791,39,115,
5976,39,115,
2861,39,115,
4111,39,115,
4386,39,115,
67,39,115,
4144,39,115,
44,48,115,
968,39,115,
755,39,115,
3537,48,115,
402,48,115,
1815,39,115,
3311,39,1819,115,
133,39,48,115,
924,39,48,115,
1014,39,48,115,
308,309,115,
563,48,39,115,
611,48,39,115,
1489,48,39,115,
2364,39,48,115,
10943,39,48,115,
10444,41,115,
52,32,115,
571,32,115,
910,396,115,
961,549,115,
1144,38,115,
209,32,115,
340,41,48,115,
789,32,39,115,
269,41,39,115,
18,41,48,39,115,
522,32,39,115,
1393,32,48,39,115,
271,225,41,115,
475,65,48,115,
3336,39,114,
2830,39,114,
444,48,114,
5289,48,114,
1805,48,114,
4859,48,114,
4744,48,114,
4472,48,114,
807,48,114,
1430,39,114,
14634,48,114,
1811,48,114,
3467,48,114,
1115,48,114,
1697,39,114,
1821,39,114,
555,48,114,
2263,48,114,
2351,48,114,
1060,48,39,114,
1343,48,114,
529,39,48,114,
1818,3311,1819,114,
759,48,39,114,
708,48,39,114,
5728,5729,114,
684,164,114,
10551,48,39,114,
2635,48,39,114,
2215,39,48,114,
2135,41,114,
432,41,39,114,
2879,32,114,
94,41,39,114,
623,41,39,114,
2383,38,114,
878,41,39,114,
2437,41,48,114,
267,32,114,
1986,38,39,114,
186,41,48,114,
396,38,114,
449,38,114,
260,41,39,114,
12929,32,48,114,
1344,32,48,114,
389,32,48,114,
10515,38,114,
338,32,39,48,114,
2238,32,41,114,
147,38,41,114,
101,32,41,114,
2771,39,113,
974,48,113,
152,39,113,
3840,39,113,
4771,48,113,
2129,39,113,
1951,39,113,
4310,48,113,
3988,39,113,
2669,39,113,
15798,48,113,
129,39,113,
966,48,113,
973,48,113,
763,48,113,
3504,39,113,
9617,48,113,
10474,48,113,
10474,39,113,
2117,39,113,
739,48,113,
1025,39,113,
1538,48,39,113,
256,48,39,113,
1804,48,39,113,
1763,48,39,113,
504,48,113,
1859,41,39,113,
281,41,38,113,
94,32,113,
581,41,113,
581,32,113,
2199,41,39,113,
1135,41,39,48,113,
259,32,113,
1814,41,48,113,
12929,32,39,113,
772,41,39,113,
522,32,48,113,
19,41,48,39,113,
548,38,48,39,113,
1393,38,48,39,113,
592,38,48,39,113,
270,38,41,113,
36,89,48,38,113,
225,65,48,39,113,
3338,48,112,
892,39,112,
11560,39,112,
2514,48,112,
1781,39,112,
2654,48,112,
10128,48,112,
3161,48,112,
421,48,112,
636,48,112,
67,48,112,
1696,48,112,
1380,1379,112,
1233,48,112,
2746,48,39,112,
1249,39,48,112,
565,48,39,112,
2177,48,39,112,
1819,48,39,112,
647,39,112,
2763,48,39,112,
2997,48,39,112,
2573,48,39,112,
66,48,39,112,
3904,41,39,112,
370,41,112,
1557,41,112,
384,41,39,112,
136,1067,112,
1355,32,112,
1872,41,39,112,
267,41,39,112,
2199,38,112,
1783,41,39,112,
16011,38,112,
10,41,39,112,
535,38,112,
23,41,48,112,
703,38,112,
544,38,112,
175,225,39,112,
19,32,48,112,
740,41,48,112,
824,101,112,
824,65,112,
533,237,112,
270,38,271,39,112,
237,225,48,112,
974,39,111,
2870,39,111,
770,48,111,
2122,48,111,
848,48,111,
1612,39,111,
1215,48,111,
3312,48,111,
1290,48,111,
1640,48,111,
5127,39,111,
1192,39,111,
731,48,111,
1697,48,111,
10493,39,111,
1929,39,111,
1773,48,111,
2097,48,111,
6128,48,39,111,
4630,39,48,111,
911,39,48,111,
1994,39,48,111,
10568,39,48,111,
167,164,111,
1899,48,39,111,
492,48,39,111,
1013,48,39,111,
3151,39,48,111,
414,48,39,111,
3635,48,39,111,
1616,48,39,111,
2625,39,48,111,
423,48,39,111,
370,41,38,111,
1486,41,111,
1404,32,111,
2184,41,39,111,
136,107,111,
1479,38,111,
910,956,111,
790,41,48,39,111,
961,1067,111,
1872,41,48,111,
947,32,111,
1144,249,39,111,
272,41,39,111,
1135,38,39,111,
16011,38,16010,111,
1814,41,39,111,
260,38,39,111,
12929,38,39,111,
1344,32,39,111,
107,41,48,39,111,
570,32,39,111,
549,38,111,
45,38,39,111,
677,38,48,111,
16010,32,41,111,
60,89,48,111,
60,65,39,111,
270,225,271,39,111,
271,65,48,111,
475,32,41,48,111,
170,65,111,
170,89,39,48,111,
225,89,48,39,111,
61,39,110,
1311,39,110,
1123,48,110,
2269,39,110,
10441,39,110,
3272,39,110,
2408,48,110,
444,39,110,
2493,39,110,
2810,48,110,
621,48,110,
2519,48,110,
197,39,110,
1837,48,110,
1390,48,110,
2842,48,110,
1537,48,110,
3551,39,110,
861,48,110,
2805,48,110,
171,48,39,110,
926,48,39,110,
1784,48,39,110,
167,39,48,110,
489,39,48,110,
536,39,48,110,
1629,39,48,110,
4779,39,48,110,
1046,39,48,32,110,
2991,806,110,
1481,32,110,
1543,41,110,
591,41,110,
2505,38,110,
2118,41,110,
885,41,110,
1067,41,48,110,
420,32,110,
379,32,110,
269,41,48,110,
334,38,110,
103,41,48,110,
156,41,48,110,
649,41,48,39,110,
10515,32,39,110,
956,38,48,110,
479,65,110,
13041,413,110,
13041,38,48,110,
677,32,39,48,110,
338,89,110,
14098,41,48,39,110,
14098,38,48,110,
9,89,110,
475,101,110,
101,89,39,48,110,
36,225,39,38,110,
237,225,39,110,
170,65,38,110,
915,39,109,
10419,48,109,
4640,48,109,
2624,48,109,
11039,48,109,
3171,39,109,
3539,39,109,
1439,39,109,
10441,48,109,
1180,48,109,
3762,39,109,
1727,39,109,
877,39,109,
228,39,109,
1972,48,109,
6190,39,109,
1603,48,109,
2476,48,109,
1598,48,109,
10423,39,48,109,
1408,48,109,
1821,48,109,
211,48,109,
1380,1378,109,
10939,48,109,
1025,48,109,
1652,48,39,109,
1072,48,39,109,
565,581,109,
1160,39,48,109,
1026,48,39,109,
587,39,48,109,
308,1269,39,109,
1034,48,109,
10525,10490,109,
2523,38,109,
2505,2284,48,109,
178,175,39,109,
2284,41,39,109,
1417,41,109,
913,32,109,
1986,32,109,
259,41,39,109,
449,41,39,109,
407,38,109,
10,38,109,
103,32,39,109,
389,41,48,39,109,
45,41,48,109,
31,32,48,109,
78,89,48,109,
1004,32,39,48,109,
9,32,48,39,109,
1146,38,41,109,
79,225,39,109,
1473,39,108,
1971,48,108,
4297,48,108,
4548,39,108,
3840,48,108,
2210,48,108,
2471,39,108,
1290,39,108,
572,48,108,
2907,48,108,
966,39,108,
2793,48,108,
2891,48,108,
583,48,39,108,
9669,48,39,108,
3774,39,48,108,
887,39,48,108,
1378,48,39,108,
77,39,48,108,
795,39,48,108,
795,39,1819,108,
795,48,1819,108,
1372,48,39,108,
1163,39,48,108,
2420,48,39,108,
308,48,39,108,
1183,39,48,108,
1903,39,48,108,
116,48,39,108,
8867,48,39,108,
1291,48,39,108,
682,166,108,
1529,48,39,108,
2894,48,39,108,
3904,41,39,38,108,
52,41,108,
1355,175,39,108,
913,41,39,108,
1043,38,108,
267,38,39,108,
1067,548,108,
1715,41,48,39,108,
10446,41,39,108,
186,32,48,108,
1814,38,39,108,
464,41,48,39,108,
269,38,39,108,
535,41,48,108,
772,38,108,
1344,38,48,108,
107,38,39,108,
10515,65,108,
677,38,39,108,
201,101,108,
14098,65,108,
16010,38,48,39,108,
60,89,39,108,
147,413,108,
413,89,48,108,
475,38,41,48,108,
237,32,38,39,108,
4297,39,107,
4278,39,107,
4433,39,107,
2760,39,107,
1286,48,107,
2854,39,107,
3772,48,107,
3772,39,107,
3338,39,107,
1981,39,107,
958,39,107,
7646,39,107,
3402,3537,107,
10481,39,107,
2058,48,107,
4357,48,107,
584,39,107,
1428,48,107,
1055,48,107,
593,48,107,
11794,48,107,
1696,39,107,
2239,48,107,
5358,48,39,107,
3047,48,107,
1380,1269,107,
4720,48,107,
2805,48,38,107,
2599,48,39,107,
4940,39,48,107,
3311,48,1819,107,
1318,48,39,107,
753,39,48,107,
932,48,39,107,
1741,48,39,107,
1188,48,39,107,
234,48,39,107,
5729,2238,39,107,
938,39,48,107,
15578,41,107,
2254,41,107,
16431,48,39,107,
1062,589,107,
979,41,39,107,
47,32,48,107,
47,32,48,38,107,
1585,41,107,
1585,32,107,
136,32,107,
1479,32,107,
62,32,107,
1043,41,107,
885,32,107,
425,32,107,
10,32,107,
23,38,107,
107,549,48,107,
1600,32,39,107,
76,38,39,107,
264,32,39,107,
3270,32,39,107,
175,13041,39,107,
175,32,48,107,
179,38,48,107,
161,32,39,107,
13041,89,107,
604,60,107,
1146,310,107,
533,65,107,
110,89,107,
36,170,48,107,
36,170,48,38,107,
225,32,38,48,107,
3857,39,106,
4141,48,106,
1547,39,106,
4640,39,106,
1219,39,106,
192,48,106,
942,39,106,
460,48,106,
265,39,106,
5339,48,106,
848,39,106,
2026,48,106,
1612,48,106,
877,48,106,
467,48,106,
3312,39,106,
4472,39,106,
1791,48,106,
4127,48,106,
51,48,39,106,
11794,39,106,
2480,48,39,106,
3551,48,106,
127,39,106,
3055,3021,106,
2394,39,48,106,
1818,3311,795,106,
151,32,106,
3311,48,39,106,
3291,48,39,106,
1378,1379,39,106,
205,48,39,106,
3012,48,39,106,
5124,39,48,106,
10551,10515,106,
3316,39,48,106,
16431,48,39,16430,106,
785,38,106,
694,38,106,
1121,41,39,106,
319,41,106,
365,41,39,106,
398,32,106,
910,38,106,
916,41,39,106,
1067,107,48,106,
1783,41,48,106,
2046,41,39,106,
407,65,106,
269,32,39,106,
10,41,48,106,
976,117,39,48,106,
76,32,39,106,
405,41,48,106,
201,65,39,106,
15832,32,48,39,106,
14098,89,106,
9,38,48,39,106,
413,65,39,106,
271,65,39,106,
110,89,38,106,
36,32,41,39,106,
4164,48,105,
905,39,105,
3642,39,105,
1503,48,105,
1503,39,105,
192,39,105,
2853,39,105,
2084,48,105,
3742,48,105,
12491,39,105,
2129,48,105,
1727,39,38,105,
467,39,105,
4643,48,105,
3240,39,105,
2812,48,105,
13556,48,105,
3161,39,105,
4744,39,105,
129,48,105,
5651,48,39,105,
1192,48,105,
485,48,105,
3808,39,48,105,
1818,48,39,105,
2441,39,48,105,
206,48,39,105,
1096,39,48,105,
4945,39,48,105,
1269,309,39,105,
907,48,39,105,
2425,48,39,105,
16431,41,105,
768,48,39,105,
2552,41,105,
2515,32,105,
1659,41,39,105,
14933,32,105,
53,41,39,105,
1355,41,39,105,
297,41,39,105,
30,32,105,
916,38,105,
2,38,105,
1239,32,105,
2199,41,48,105,
675,41,39,105,
809,41,39,105,
3616,41,48,39,105,
55,41,48,105,
806,225,105,
664,41,39,105,
772,32,48,105,
1435,41,48,105,
107,38,48,105,
334,41,39,105,
703,41,39,105,
956,32,48,39,105,
31,41,48,39,105,
3270,38,39,48,105,
589,41,48,39,105,
201,38,48,105,
249,65,105,
604,38,48,39,105,
592,65,105,
60,38,48,39,105,
2238,270,271,105,
170,32,41,48,105,
15879,48,104,
1679,39,104,
422,48,104,
1569,39,104,
10419,39,104,
2854,48,104,
2830,48,104,
3297,48,104,
1354,39,104,
1130,48,104,
3314,48,104,
2876,39,104,
4552,48,104,
1781,48,104,
364,39,104,
1896,39,104,
4843,39,104,
781,39,104,
2417,39,104,
584,48,104,
1345,48,39,104,
1378,309,39,104,
3462,48,39,104,
1232,39,48,104,
128,39,48,104,
5729,2238,48,104,
16431,41,16430,104,
319,32,104,
961,548,104,
961,41,39,104,
878,32,104,
267,38,48,104,
374,41,48,104,
4336,41,39,104,
846,41,48,104,
675,38,104,
8978,16011,104,
105,41,48,104,
16011,32,48,104,
379,41,39,104,
464,38,104,
107,548,48,104,
812,41,48,104,
18,38,39,104,
1578,41,48,39,104,
479,32,39,104,
783,38,48,104,
19,32,39,104,
161,41,48,39,104,
13041,32,48,39,104,
249,237,48,104,
301,38,39,104,
604,32,48,39,104,
14098,16010,104,
12925,41,48,104,
2238,225,41,39,104,
147,65,39,104,
413,65,48,104,
110,237,104,
1311,48,103,
1035,39,103,
1877,48,103,
2880,39,103,
11039,39,103,
2402,39,103,
3420,39,103,
2876,48,103,
2720,48,103,
2720,39,103,
2424,48,103,
683,48,103,
1603,39,103,
2519,39,103,
981,39,103,
1517,48,39,103,
1739,39,103,
695,39,103,
325,48,103,
83,48,103,
314,48,103,
1016,39,48,103,
220,48,39,103,
1476,48,39,103,
2188,39,48,103,
189,41,103,
344,39,48,103,
1379,1080,309,103,
769,48,103,
1677,41,103,
178,41,103,
856,32,103,
2168,32,103,
2284,38,103,
261,38,39,103,
1693,32,103,
155,41,103,
846,38,103,
105,41,48,38,103,
186,32,39,103,
55,41,48,38,103,
681,41,48,103,
488,41,39,103,
488,32,48,103,
107,32,48,103,
570,32,48,103,
766,41,48,39,103,
649,38,48,103,
1004,38,48,103,
201,89,103,
604,101,103,
438,170,103,
438,170,38,103,
110,225,103,
237,170,48,103,
5164,39,102,
2818,39,102,
6082,48,102,
2760,48,102,
3546,48,102,
102,39,102,
10651,48,102,
10651,39,102,
1670,48,102,
1596,39,102,
2870,48,102,
4080,39,102,
2210,39,102,
1905,48,39,102,
3855,39,102,
6190,48,102,
197,48,102,
1433,48,102,
1642,48,39,102,
193,48,39,102,
713,48,39,102,
1796,48,102,
2103,39,48,102,
760,48,39,102,
388,48,39,102,
1143,48,39,102,
550,48,39,102,
12981,48,39,102,
227,48,102,
390,41,102,
1543,41,39,102,
979,32,102,
1113,41,102,
2184,41,48,102,
178,806,102,
2329,41,102,
426,41,39,102,
623,41,48,102,
62,41,102,
1783,32,102,
8978,32,39,102,
441,38,102,
488,41,48,102,
806,41,48,102,
772,41,48,102,
766,38,102,
1600,41,48,39,102,
156,38,48,39,102,
1578,32,48,102,
10515,32,48,102,
10515,41,48,39,102,
479,41,48,39,102,
522,38,39,102,
1393,65,102,
14098,38,48,39,102,
1146,225,39,102,
12925,65,102,
255,65,48,102,
255,38,41,102,
79,38,41,102,
438,65,102,
475,89,48,39,102,
310,225,48,39,102,
310,38,32,102,
110,225,38,102,
237,170,48,38,102,
2049,48,101,
1105,48,101,
1624,48,101,
3573,39,101,
1286,39,101,
10555,48,101,
942,48,101,
4389,39,101,
2122,39,101,
1130,39,101,
3742,39,101,
3973,48,101,
3762,48,101,
2514,39,101,
5323,48,101,
184,48,101,
2861,48,101,
13049,48,101,
4251,39,101,
1776,48,101,
1776,39,101,
2855,48,101,
2378,48,39,101,
555,39,101,
3221,39,48,101,
200,48,39,101,
4339,48,39,101,
2915,48,39,101,
4344,48,39,101,
165,684,101,
611,548,101,
1564,39,48,101,
10490,41,101,
176,41,101,
3361,41,101,
2056,41,101,
16430,32,101,
1659,41,48,101,
1020,32,101,
14933,38,101,
1714,41,39,101,
53,32,101,
571,41,39,101,
261,32,101,
297,32,101,
1417,32,101,
913,41,48,101,
374,32,101,
8978,16011,16010,101,
8978,16010,41,101,
8978,16010,48,39,101,
251,41,39,101,
789,32,48,101,
806,32,39,101,
772,32,39,101,
371,41,48,101,
371,41,48,38,101,
103,32,48,101,
812,32,39,101,
264,32,48,101,
117,65,101,
13041,32,41,101,
37,32,48,39,101,
1004,41,48,39,101,
16217,38,41,101,
286,32,48,39,101,
14098,310,101,
14098,32,48,39,101,
123,32,39,48,101,
255,65,39,101,
270,32,41,39,101,
147,65,48,101,
413,101,48,101,
271,38,32,101,
101,310,39,101,
310,170,101,
237,32,41,39,101,
237,32,38,48,101,
826,48,100,
2569,48,100,
1396,39,100,
6,39,100,
2967,39,100,
3271,39,100,
4310,39,100,
1736,39,100,
3236,48,100,
2202,48,100,
2202,39,100,
3402,48,100,
1615,48,100,
781,48,100,
4360,39,100,
207,48,100,
4127,39,100,
813,48,100,
2004,39,100,
3276,39,48,100,
2150,39,48,100,
1964,39,48,100,
3724,39,100,
9001,48,39,100,
2983,48,39,100,
3102,48,39,100,
10513,39,48,100,
2596,39,48,100,
5,48,39,100,
1080,309,39,100,
1859,32,100,
1486,32,100,
2343,32,100,
514,41,100,
80,41,100,
855,41,48,100,
261,41,39,100,
208,32,100,
30,38,100,
30,41,39,100,
1144,249,48,100,
441,32,100,
15618,41,48,39,100,
809,41,48,100,
279,41,48,100,
3616,38,39,100,
186,41,48,39,100,
16011,32,48,16010,100,
464,65,100,
1435,38,100,
156,32,39,100,
76,32,48,100,
405,38,39,100,
242,38,48,100,
338,38,48,39,100,
79,65,100,
413,38,41,100,
101,38,41,39,100,
310,170,38,100,
10017,39,99,
4057,48,99,
4556,39,99,
9095,39,99,
899,39,99,
2767,39,99,
2624,39,99,
1120,39,99,
7895,48,99,
5346,39,99,
683,39,99,
1178,39,99,
2654,39,99,
0,48,99,
6403,39,99,
636,39,99,
807,39,99,
2891,39,99,
711,48,39,99,
40,48,99,
2663,48,39,99,
1789,39,48,99,
493,48,39,99,
3149,48,39,99,
2528,48,39,99,
104,48,39,99,
3321,48,39,99,
1595,39,48,99,
612,48,39,99,
189,48,39,99,
673,48,39,99,
165,166,99,
1188,48,39,38,99,
2115,32,99,
903,38,99,
390,41,38,99,
840,41,99,
1859,41,48,99,
4698,41,99,
1103,32,99,
10656,10444,99,
1126,41,99,
2987,798,99,
1704,32,99,
2080,41,99,
798,41,48,99,
1714,38,99,
623,32,99,
2046,38,99,
789,38,99,
272,38,39,99,
3616,41,1146,99,
105,32,39,99,
1198,32,39,99,
1135,38,39,48,99,
259,41,48,99,
449,32,48,99,
269,38,48,99,
681,38,39,99,
11,38,39,99,
23,41,48,39,99,
570,38,48,99,
976,41,48,39,99,
812,38,99,
549,548,48,99,
19,38,39,99,
201,38,39,99,
15832,38,48,99,
15832,32,41,99,
740,38,48,99,
824,32,39,48,99,
413,237,99,
413,225,99,
271,38,41,99,
271,225,41,39,99,
475,225,99,
36,89,48,39,99,
170,225,39,99,
170,225,38,39,99,
1297,48,98,
2550,39,98,
1971,39,98,
458,48,98,
2079,39,98,
2326,39,98,
3345,48,98,
88,48,98,
10453,48,98,
3521,39,98,
541,39,98,
1854,39,98,
4270,39,98,
1120,48,98,
4226,39,98,
12491,48,98,
2182,39,98,
364,48,98,
1736,48,98,
4113,39,98,
2708,48,39,98,
3855,48,98,
3343,48,98,
1884,39,98,
207,39,98,
6630,48,98,
1537,48,39,98,
2554,48,98,
2788,39,48,98,
1744,48,39,98,
651,48,39,98,
1497,48,98,
3451,48,39,98,
2212,48,39,98,
308,1080,98,
10448,48,39,98,
615,39,48,98,
504,48,38,98,
751,41,98,
2325,41,98,
2187,41,98,
1066,32,98,
842,38,98,
351,32,98,
9501,32,98,
1704,41,98,
831,41,98,
1659,32,98,
14933,41,39,98,
961,41,48,98,
155,272,98,
878,65,98,
1067,38,98,
1067,32,48,98,
1715,32,48,98,
1715,32,39,98,
2199,32,48,98,
209,41,98,
1986,41,48,98,
105,32,39,38,98,
269,32,48,98,
23,65,98,
107,548,39,98,
242,41,39,98,
479,32,48,98,
1146,65,98,
1146,32,41,39,98,
270,32,271,39,98,
147,32,41,39,98,
1327,32,41,98,
271,89,98,
310,237,48,39,98,
110,36,48,98,
1045,32,97,
5315,39,97,
1316,48,97,
61,48,97,
3867,39,97,
1309,48,97,
2598,48,97,
357,48,97,
3434,39,97,
1396,48,97,
6,48,97,
91,48,97,
2771,48,97,
801,48,97,
6266,39,97,
2769,39,97,
3067,48,97,
3884,48,97,
4753,39,97,
152,48,97,
1874,48,97,
10598,48,39,97,
445,48,39,97,
4113,48,97,
289,48,39,97,
5976,48,97,
2417,48,97,
874,48,97,
10493,48,97,
939,39,48,97,
4105,48,39,97,
4891,39,48,97,
68,48,39,97,
2147,39,48,97,
880,48,39,97,
108,39,48,97,
440,39,48,97,
1395,48,39,97,
392,39,48,97,
3189,39,48,97,
1938,48,39,97,
2370,48,39,97,
1269,1379,309,97,
1991,48,39,97,
2792,41,97,
1529,48,39,38,97,
12,41,97,
2056,32,97,
830,32,97,
47,32,48,39,97,
2135,32,97,
80,38,97,
136,549,97,
136,41,39,97,
1987,41,39,97,
571,41,48,97,
4883,41,97,
704,32,97,
12946,32,97,
30,31,97,
1067,32,39,97,
374,38,97,
150,38,97,
150,41,39,97,
441,41,97,
865,38,97,
279,38,39,97,
279,32,39,97,
55,32,97,
664,38,48,97,
23,101,97,
107,32,39,97,
544,32,39,97,
258,65,97,
117,32,39,48,97,
201,65,48,97,
9,101,97,
255,101,97,
147,475,97,
110,36,48,38,97,
36,65,48,97,
1053,48,96,
2715,39,96,
435,39,96,
10440,39,96,
826,39,96,
959,39,96,
2110,39,96,
3546,39,96,
2079,48,96,
696,48,96,
696,39,96,
541,48,96,
2297,39,96,
1368,39,96,
2327,39,96,
770,39,96,
2820,48,96,
1727,48,96,
1951,48,96,
4843,48,96,
1166,48,39,96,
2064,48,96,
874,39,96,
1592,48,39,96,
59,39,96,
3896,48,96,
828,39,48,96,
11254,48,96,
434,48,39,96,
1771,48,96,
706,48,39,96,
3756,39,96,
1342,48,39,96,
639,48,39,96,
1818,3311,795,1819,96,
1818,1819,39,96,
650,48,39,96,
1378,308,96,
50,48,39,96,
1609,48,39,96,
2988,48,39,96,
1,48,39,96,
4899,225,96,
2440,41,96,
5152,38,96,
1281,730,96,
1529,41,96,
1698,41,96,
8691,41,96,
1619,41,96,
840,41,38,96,
1361,272,96,
2135,41,39,96,
808,41,39,96,
30,41,48,96,
865,32,48,96,
396,41,48,39,96,
449,41,48,96,
407,41,48,39,96,
11,32,39,96,
806,175,48,96,
103,389,96,
156,41,48,39,96,
649,32,39,96,
1578,38,48,96,
479,38,39,96,
589,32,48,39,96,
249,32,39,48,96,
9,310,96,
60,65,48,96,
2238,38,41,48,96,
270,38,32,96,
270,38,271,48,96,
147,38,41,39,96,
1327,38,41,48,96,
36,65,48,38,96,
237,32,41,48,96,
705,39,95,
3569,39,95,
1410,39,95,
284,39,95,
4061,39,95,
2785,48,95,
2818,48,95,
4282,48,95,
4383,39,95,
357,39,95,
637,39,95,
7938,48,95,
2201,39,95,
13318,48,95,
13318,39,95,
10453,39,95,
1035,48,95,
3676,48,95,
3903,48,95,
3297,39,95,
6404,48,95,
2408,48,39,95,
986,39,95,
5178,39,95,
4221,39,48,95,
621,39,95,
2669,48,95,
3324,48,95,
11840,48,39,95,
1818,39,795,95,
2874,48,39,95,
4209,48,39,95,
1332,39,48,95,
1594,48,39,95,
1378,1080,1379,95,
2843,39,48,95,
1379,48,309,95,
2749,38,95,
203,41,95,
734,32,95,
2208,41,39,95,
10653,41,95,
2505,41,95,
384,32,95,
365,38,95,
10444,41,39,95,
2879,41,95,
793,41,39,95,
56,41,39,95,
2383,38,39,95,
1239,41,39,95,
420,41,39,95,
1814,38,48,95,
55,41,48,39,95,
1435,41,48,39,95,
103,41,48,39,95,
31,237,95,
31,38,48,95,
258,38,39,48,95,
258,32,48,39,95,
740,41,48,39,95,
338,89,48,95,
123,65,95,
79,32,41,48,95,
413,310,95,
475,237,39,48,95,
110,32,41,39,95,
3854,38,94,
1426,39,94,
2630,39,94,
712,48,94,
4731,48,94,
12973,39,94,
567,39,94,
1611,48,94,
1679,48,94,
1123,39,94,
13089,39,94,
854,39,94,
91,39,94,
5328,39,94,
3171,39,48,94,
12996,48,94,
58,39,94,
265,48,94,
2967,48,94,
2182,48,94,
368,39,94,
4643,39,94,
1184,48,39,94,
4357,39,94,
4386,48,94,
1315,48,39,94,
