3208 94
4512 94
5869 94
2193 94
1402 94
2952 94
2926 94
5210 94
2947 94
1394 94
4740 94
9168 94
10862 94
1251 94
1260 94
1809 94
10917 94
1274 94
3228 94
2768 94
6553 94
6046 94
4060 94
4479 95
897 95
4646 95
6317 95
2834 95
2116 95
2607 95
1448 95
10623 95
2694 95
10170 95
1895 95
84 95
2475 95
9664 95
126 95
839 95
6520 95
5742 95
1423 95
1424 95
4096 95
1813 95
680 95
2813 95
381 95
692 95
3159 95
233 95
2315 96
4448 96
1975 96
10454 96
5113 96
11058 96
3609 96
10268 96
5215 96
3015 96
1713 96
796 96
254 96
797 96
860 96
736 96
674 96
1421 96
4774 96
11799 96
754 96
1779 96
2374 96
2138 96
427 96
3579 96
93 97
4786 97
800 97
1018 97
1787 97
4890 97
1057 97
1340 97
4800 97
4536 97
1265 97
10553 97
5116 97
508 97
3845 97
505 97
5466 97
7988 97
3078 97
1152 97
362 97
10283 97
10731 97
3678 97
2541 97
2133 97
3532 97
335 97
1002 98
4833 98
3083 98
2873 98
4257 98
2733 98
771 98
2161 98
70 98
124 98
3130 98
822 98
3538 98
1914 98
4013 98
3866 99
3623 99
4051 99
1948 99
6224 99
4058 99
10443 99
375 99
898 99
1218 99
929 99
668 99
14120 99
5091 99
1022 99
1468 99
586 99
532 99
2946 99
2137 99
3682 100
4811 100
4632 100
4048 100
7 100
6173 100
645 100
2787 100
4435 100
2101 100
6024 100
7540 100
6998 100
14248 100
741 100
3873 100
3844 100
3132 100
3388 100
3501 101
13328 101
4660 101
42 101
3330 101
2910 101
513 101
12938 101
7429 101
2638 101
1530 101
3059 101
11296 101
2486 101
1357 101
11468 101
14347 101
1128 101
1369 101
4237 102
3435 102
5569 102
6748 102
4567 102
4007 102
3065 102
1482 102
13141 102
5344 102
3431 102
1701 102
5150 102
626 102
4655 102
3409 102
481 102
14872 102
1824 102
476 102
4162 102
9150 102
960 102
2496 102
3854 103
3854 38 94
4804 103
2030 103
11318 103
1478 103
2649 103
1397 103
3002 103
4595 103
10469 103
369 103
1848 103
311 103
1392 104
10484 104
2833 104
4363 104
2380 104
459 104
1826 104
5158 104
594 104
2836 104
5060 104
4174 104
163 104
3858 104
2667 104
2463 104
5317 105
2390 105
4447 105
4055 105
2376 105
1545 105
1138 105
862 105
3951 105
4525 105
5943 105
1312 105
416 105
468 105
1604 105
2130 105
4124 105
3320 105
1073 105
5151 106
5531 106
12923 106
857 106
349 106
13190 106
1834 106
2250 106
8620 106
3093 106
9541 106
3659 106
3541 106
3318 106
10125 106
803 106
11615 106
2776 106
6447 106
526 107
3806 107
1153 107
835 107
2126 107
1901 107
10542 107
816 107
9823 107
1045 107
1045 32 97
13062 107
2747 107
4897 107
5001 107
13109 107
2962 107
4582 108
4588 108
7744 108
4589 108
687 108
2243 108
1878 108
980 108
13413 108
4502 108
10648 108
8411 108
9662 108
10910 108
2236 108
1634 108
4661 108
7336 108
641 109
6777 109
8679 109
1520 109
1384 109
363 109
8698 109
985 109
1320 109
10681 109
2671 109
3761 109
13052 109
4157 109
3912 109
1847 109
5618 109
3977 109
9547 109
3722 109
4030 109
2657 109
2111 109
2151 109
2166 109
6485 109
4123 110
4513 110
10606 110
2977 110
975 110
10571 110
280 110
409 110
502 110
1385 110
12932 110
585 110
1752 110
2538 110
2273 110
6359 110
386 111
810 111
3644 111
9169 111
4067 111
198 111
2170 111
2271 111
2501 111
10543 111
153 111
2665 111
1488 111
2802 111
14040 112
446 112
2817 112
982 112
11600 112
5169 112
539 112
1021 112
6095 112
577 112
685 112
859 112
3278 112
1846 112
3019 112
5721 112
226 112
2535 113
10480 113
2931 113
875 113
2951 113
1911 113
4392 113
10540 114
1838 114
3333 114
5408 114
276 114
994 114
10533 114
2902 114
11692 114
2631 114
6387 114
6461 115
4880 115
2976 115
8590 115
9010 115
3349 115
10674 115
3253 115
3719 115
13203 115
6582 115
2481 115
4990 115
1307 115
4377 115
4412 115
1210 115
3923 115
1868 116
4146 116
1173 116
1738 116
738 116
728 116
2588 116
4256 116
2267 116
821 116
10815 116
1540 116
332 116
5603 116
6120 116
3411 116
561 116
3877 116
3673 117
7472 117
2916 117
3533 117
2352 117
2430 117
3486 117
4761 117
2449 117
3368 117
2171 117
12984 117
451 117
2395 117
291 117
5510 117
290 117
1237 117
7176 117
2555 117
1475 117
2617 117
330 118
4974 118
2851 118
4112 118
2300 118
2712 118
499 118
1083 118
2662 118
8031 118
2544 118
1228 118
811 118
15659 118
659 118
1250 118
743 118
1587 118
411 119
2651 119
554 119
723 119
12308 119
2245 119
2180 119
595 119
2043 119
1822 119
2337 119
9887 119
1654 120
2233 120
4294 120
1422 120
5708 120
10804 120
879 120
4703 120
2521 120
719 120
3313 120
2592 120
1688 120
3323 120
742 121
15036 121
13122 121
4718 121
2593 121
10908 121
4973 121
1056 121
3696 121
10860 121
11114 121
10499 121
10470 121
569 121
2742 121
6136 121
1700 121
10129 122
4841 122
832 122
1910 122
13524 122
2223 122
1909 122
5080 122
2235 122
3370 122
1191 122
9203 122
521 122
967 122
4445 122
395 122
2060 123
4265 123
2968 123
2543 123
1371 123
5596 123
614 123
1576 123
4000 123
4017 123
2281 123
4037 123
918 123
930 123
931 123
5830 123
1024 123
5502 123
16 124
2893 124
2994 124
495 124
825 124
4488 124
10821 124
1795 124
4214 124
4220 124
401 124
3307 125
11270 125
3633 125
4580 125
3596 125
3157 125
448 125
799 125
1990 125
3028 125
2546 125
2393 125
820 125
11397 126
2335 126
2764 126
4764 126
2892 126
3035 126
4374 126
720 126
11129 126
1920 126
705 127
705 39 95
1853 127
317 127
1030 127
11630 127
5570 127
1095 127
2436 127
1747 127
2982 127
1807 127
838 127
3106 128
4269 128
5194 128
15879 128
15879 48 104
1656 129
5931 129
7129 129
516 129
1675 129
3714 129
2061 129
792 129
714 129
2431 129
1297 129
1297 48 98
387 129
2574 129
13017 129
3505 129
315 130
4444 130
1980 130
10447 130
10498 130
159 130
1455 130
2557 130
7687 130
2933 130
1244 131
1107 131
10546 131
815 131
4557 131
3663 131
2127 131
5315 131
5315 39 97
3660 131
2837 131
1833 131
1048 131
4258 131
2458 132
2963 132
4305 132
10579 132
1316 132
1316 48 97
1329 132
1661 132
2310 132
943 132
3926 132
3136 132
1362 132
478 133
2477 133
518 133
4920 133
5048 133
2550 133
2550 39 98
779 133
4996 133
2612 133
5465 133
4056 133
3499 133
2783 134
2966 134
3099 134
6343 134
2709 134
4813 134
1440 134
1053 134
1053 48 96
2702 134
2692 134
2033 134
1139 134
5160 134
3447 134
1426 134
1426 39 94
10526 135
10510 135
1031 135
5712 135
13464 135
2726 135
3857 135
3857 39 106
1855 135
4164 135
4164 48 105
4969 135
1473 135
1473 39 108
2049 135
2049 48 101
3472 135
10017 136
10017 39 99
2630 136
2630 39 94
2715 136
2715 39 96
3793 136
4911 136
4267 136
4563 136
2034 136
788 136
13300 136
3174 136
6716 136
4026 136
1709 136
3074 136
1755 136
3662 136
435 136
435 39 96
10425 136
2119 136
3569 137
3569 39 95
2808 137
1915 137
3483 137
941 137
4896 137
1561 137
762 137
3101 137
915 137
915 39 109
6508 137
1410 138
1410 39 95
2363 138
348 138
2831 138
5948 138
2661 138
12508 138
2242 138
284 138
284 39 95
1353 138
266 139
1264 139
833 139
1971 139
1971 39 98
1971 48 108
1376 139
1579 139
4166 139
2852 139
4061 139
4061 39 95
1101 140
5164 140
5164 39 102
10184 140
2786 140
944 140
3776 140
2559 140
1890 140
3487 140
1570 140
1319 141
922 141
1105 141
1105 48 101
12693 141
2674 141
4832 141
11718 141
10440 141
10440 39 96
61 141
61 48 97
61 39 110
618 141
527 141
275 141
2785 141
2785 48 95
2283 141
725 141
12503 141
845 141
2818 141
2818 48 95
2818 39 102
4141 142
4141 48 106
14953 142
712 142
712 48 94
1352 142
4731 143
4731 48 94
3867 143
3867 39 97
71 143
26 143
1090 143
1958 143
3664 143
1768 143
12036 143
826 144
826 39 96
826 48 100
1309 144
1309 48 97
4282 144
4282 48 95
4297 145
4297 39 107
4297 48 108
10132 145
2814 145
919 145
2169 145
1311 145
1311 48 103
1311 39 110
10831 145
3214 145
12973 145
12973 39 94
3034 145
5489 145
3465 146
2039 146
2039 39 118
2741 146
2214 146
567 146
567 39 94
4383 146
4383 39 95
4064 146
729 146
2513 146
691 146
2598 146
2598 48 97
914 146
914 39 117
454 147
1611 147
1611 48 94
2048 147
1841 147
1679 147
1679 48 94
1679 39 104
4057 147
4057 48 99
357 147
357 39 95
357 48 97
4556 147
4556 39 99
905 147
905 39 105
1094 147
3434 147
3434 39 97
3458 147
288 147
6082 147
6082 48 102
4486 147
2527 147
2878 148
393 148
3405 148
4278 148
4278 39 107
4032 148
959 148
959 39 96
1624 148
1624 48 101
3573 148
3573 39 101
1123 148
1123 39 94
1123 48 110
2623 148
3410 148
1765 148
637 148
637 39 95
1124 148
4433 148
4433 39 107
10573 148
2110 149
2110 39 96
1145 149
1145 39 115
2760 149
2760 48 102
2760 39 107
2154 149
2569 149
2569 48 100
1165 149
690 149
1015 149
1658 149
2639 149
1962 149
7068 150
1536 150
3336 150
3336 39 114
9510 150
1498 150
1396 150
1396 48 97
1396 39 100
422 150
422 48 104
7938 150
7938 48 95
1870 150
4358 150
14006 150
13089 151
13089 39 94
3577 151
458 151
458 48 98
854 151
854 39 94
6 151
6 48 97
6 39 100
3546 151
3546 39 96
3546 48 102
3354 151
2012 151
1415 151
2079 151
2079 48 96
2079 39 98
91 152
91 39 94
91 48 97
1456 152
983 152
1702 152
963 152
2326 152
2326 39 98
699 152
9095 153
9095 39 99
2201 153
2201 39 95
3345 153
3345 48 98
1569 153
1569 39 104
1227 154
1613 154
4272 154
1547 154
1547 39 106
10419 154
10419 39 104
10419 48 109
3693 154
4640 154
4640 39 106
4640 48 109
1286 155
1286 39 101
1286 48 107
88 155
88 48 98
1246 155
13318 155
13318 48 95
13318 39 95
2771 155
2771 48 97
2771 39 113
15033 155
102 155
102 39 102
16155 155
14804 155
10453 156
10453 39 95
10453 48 98
696 156
696 48 96
696 39 96
4801 156
4801 39 115
801 156
801 48 97
801 39 117
5771 156
1008 156
2900 156
3521 156
3521 39 98
1035 157
1035 48 95
1035 39 103
6266 157
6266 39 97
541 157
541 48 96
541 39 98
5328 157
5328 39 94
1877 157
1877 48 103
1877 39 117
27 157
899 157
899 39 99
10651 157
10651 48 102
10651 39 102
3476 158
1854 158
1854 39 98
3642 158
3642 39 105
1924 158
2854 159
2854 48 104
2854 39 107
2767 159
2767 39 99
2069 159
12952 159
2769 159
2769 39 97
1219 159
1219 39 106
1054 159
2942 159
1670 160
1670 48 102
1670 39 132
2830 160
2830 48 104
2830 39 114
1922 160
2299 160
974 160
974 39 111
974 48 113
1503 160
1503 48 105
1503 39 105
3067 160
3067 48 97
10555 160
10555 48 101
2880 161
2880 39 103
4546 161
3884 161
3884 48 97
1596 161
1596 39 102
3676 161
3676 48 95
2297 161
2297 39 96
909 161
750 161
2624 161
2624 39 99
2624 48 109
11039 162
11039 39 103
11039 48 109
3903 162
3903 48 95
3903 39 117
2870 162
2870 48 102
2870 39 111
3772 162
3772 48 107
3772 39 107
4270 162
4270 39 98
4753 162
4753 39 97
328 162
2402 162
2402 39 103
1120 162
1120 48 98
1120 39 99
3171 163
3171 39 109
3171 39 48 94
3171 48 121
7895 163
7895 48 99
192 163
192 39 105
192 48 106
152 163
152 48 97
152 39 113
1874 163
1874 48 97
942 163
942 48 101
942 39 106
1368 163
1368 39 96
991 164
2327 164
2327 39 96
3338 164
3338 39 107
3338 48 112
4886 164
4886 39 120
3420 164
3420 39 103
4389 164
4389 39 101
3539 164
3539 39 109
892 164
892 39 112
2853 164
2853 39 105
1568 165
12996 165
12996 48 94
12996 39 115
4340 165
58 165
58 39 94
2721 165
2721 48 119
3297 165
3297 39 95
3297 48 104
2084 165
2084 48 105
6404 165
6404 48 95
2269 165
2269 39 110
1439 165
1439 39 109
770 166
770 39 96
770 48 111
460 166
460 48 106
10441 166
10441 48 109
10441 39 110
265 166
265 48 94
265 39 106
1981 166
1981 39 107
12921 166
4226 166
4226 39 98
4080 166
4080 39 102
4548 167
4548 39 108
4548 48 115
2919 167
1354 167
1354 39 104
2122 167
2122 39 101
2122 48 111
1130 167
1130 39 101
1130 48 104
1180 167
1180 48 109
1180 39 119
3742 167
3742 39 101
3742 48 105
3314 168
3314 48 104
3272 168
3272 39 110
3840 168
3840 48 108
3840 39 113
2820 169
2820 48 96
5339 169
5339 48 106
2408 169
2408 48 110
2408 48 39 95
2408 39 122
2967 169
2967 48 94
2967 39 100
3973 169
3973 48 101
3973 39 116
12491 170
12491 48 98
12491 39 105
2876 170
2876 48 103
2876 39 104
2182 170
2182 48 94
2182 39 98
11560 170
11560 39 112
4552 170
4552 48 104
848 170
848 39 106
848 48 111
3762 170
3762 48 101
3762 39 109
10598 171
10598 48 117
10598 48 39 97
10598 39 120
2026 171
2026 48 106
5346 171
5346 39 99
5346 48 118
2720 171
2720 48 103
2720 39 103
958 171
958 39 107
2424 172
2424 48 103
1612 172
1612 48 106
1612 39 111
4424 172
4771 173
4771 48 113
4771 39 115
3271 173
3271 39 100
3271 48 117
2514 173
2514 39 101
2514 48 112
444 173
444 39 110
444 48 114
986 173
986 39 95
1781 173
1781 48 104
1781 39 112
2129 173
2129 48 105
2129 39 113
5178 173
5178 39 95
445 174
445 48 121
445 48 39 97
445 39 125
1215 174
1215 48 111
1215 39 119
7646 174
7646 39 107
364 174
364 48 98
364 39 104
683 174
683 39 99
683 48 103
1178 174
1178 39 99
1727 174
1727 48 96
1727 39 109
1727 39 38 105
1727 38 162
791 175
791 39 115
1951 175
1951 48 96
1951 39 113
877 175
877 48 106
877 39 109
467 175
467 39 105
467 48 106
1896 175
1896 39 104
4310 175
4310 39 100
4310 48 113
2210 176
2210 39 102
2210 48 108
236 176
236 39 124
1736 176
1736 48 98
1736 39 100
2654 176
2654 39 99
2654 48 112
3236 176
3236 48 100
3236 39 118
4843 176
4843 48 96
4843 39 104
5289 176
5289 48 114
5289 39 119
2202 177
2202 48 100
2202 39 100
3402 177
3402 48 100
3402 3537 107
3402 39 119
3402 3535 125
0 177
0 48 99
0 39 125
2471 177
2471 39 108
4113 177
4113 48 97
4113 39 98
5323 178
5323 48 101
5323 39 123
3312 178
3312 39 106
3312 48 111
1805 178
1805 48 114
1805 39 124
4143 178
4143 48 120
6403 178
6403 39 99
4221 178
4221 39 118
4221 39 48 95
4221 48 139
2493 178
2493 39 110
2493 48 116
1290 178
1290 39 108
1290 48 111
1905 178
1905 48 126
1905 48 39 102
1905 39 131
368 179
368 39 94
1166 179
1166 48 118
1166 48 39 96
1166 39 130
4643 179
4643 39 94
4643 48 105
572 179
572 48 108
2822 179
2822 39 116
2822 48 127
10128 179
10128 48 112
10128 39 118
10481 180
10481 39 107
10481 48 118
2708 180
2708 48 119
2708 48 39 98
2708 39 130
3240 180
3240 39 105
3240 48 121
1615 180
1615 48 100
1615 39 120
4859 180
4859 48 114
4859 39 117
2840 180
2840 39 125
3988 181
3988 39 113
1184 181
1184 48 116
1184 48 39 94
1184 39 134
289 181
289 48 120
289 48 39 97
289 39 135
4913 181
4913 39 130
228 181
228 39 109
228 48 116
2800 181
2800 39 120
2800 48 121
2812 181
2812 48 105
2812 39 119
13556 181
13556 48 105
13556 39 127
1588 181
3161 182
3161 39 105
3161 48 112
781 182
781 48 100
781 39 104
4342 182
4342 48 120
4342 39 123
4744 182
4744 39 105
4744 48 114
184 182
184 48 101
421 183
421 48 112
421 39 120
4472 183
4472 39 106
4472 48 114
1640 183
1640 48 111
1640 39 120
5976 183
5976 48 97
5976 39 115
2861 183
2861 48 101
2861 39 115
3855 183
3855 48 98
3855 39 102
2417 183
2417 48 97
2417 39 104
3343 183
3343 48 98
2810 184
2810 48 110
2810 39 121
4360 184
4360 39 100
4360 48 118
1972 184
1972 48 109
6190 184
6190 48 102
6190 39 109
1603 184
1603 39 103
1603 48 109
698 185
698 48 117
698 39 127
2058 185
2058 48 107
2058 39 118
5127 185
5127 39 111
5127 48 125
621 185
621 39 95
621 48 110
636 185
636 39 99
636 48 112
2669 185
2669 48 95
2669 39 113
4357 185
4357 39 94
4357 48 107
1884 185
1884 39 98
4111 186
4111 39 115
4111 48 130
2907 186
2907 48 108
4386 186
4386 48 94
4386 39 115
13049 186
13049 48 101
13049 39 120
2519 186
2519 39 103
2519 48 110
207 186
207 39 98
207 48 100
2476 186
2476 48 109
2476 39 134
15798 187
15798 48 113
15798 39 119
129 187
129 48 105
129 39 113
966 187
966 39 108
966 48 113
807 187
807 39 99
807 48 114
981 187
981 39 103
1430 188
1430 39 114
2064 188
2064 48 96
2064 39 131
1791 188
1791 48 106
1791 39 124
973 189
973 48 113
874 189
874 39 96
874 48 97
4251 189
4251 39 101
4251 48 119
4127 189
4127 39 100
4127 48 106
67 189
67 48 112
67 39 115
584 189
584 48 104
584 39 107
14634 189
14634 48 114
14634 39 118
1428 190
1428 48 107
1428 39 120
2793 190
2793 48 108
2793 39 116
763 190
763 48 113
763 39 123
5651 190
5651 48 126
5651 48 39 105
5651 39 147
1811 191
1811 48 114
1811 39 118
197 191
197 48 102
197 39 110
1598 191
1598 48 109
1598 39 129
813 191
813 48 100
813 39 134
1055 191
1055 48 107
1055 39 130
1776 191
1776 48 101
1776 39 101
2855 191
2855 48 101
2855 39 116
573 192
573 39 118
573 48 135
1837 192
1837 48 110
1837 39 122
64 192
64 39 117
64 48 124
4144 192
4144 39 115
4144 48 119
1517 192
1517 48 125
1517 48 39 103
1517 39 132
3467 192
3467 48 114
1739 192
1739 39 103
1739 48 119
1315 192
1315 48 118
1315 48 39 94
1315 39 124
2004 192
2004 39 100
3086 192
3086 39 121
3086 39 48 94
3086 48 129
13056 192
13056 48 116
13056 39 117
1115 192
1115 48 114
1115 39 119
3202 193
3202 48 117
3202 39 128
2378 193
2378 48 130
2378 48 39 101
2378 39 134
695 193
695 39 103
1192 193
1192 48 105
1192 39 111
1390 193
1390 48 110
1390 39 135
2240 193
2240 48 117
2240 39 117
325 193
325 48 103
325 39 118
731 193
731 48 111
731 39 122
85 194
85 39 126
85 48 127
6630 194
6630 48 98
6630 39 123
1592 194
1592 48 120
1592 48 39 96
1592 39 138
1433 194
1433 48 102
1433 39 123
593 194
593 48 107
593 39 131
331 194
331 48 116
331 39 121
2842 194
2842 48 110
2842 39 120
1642 195
1642 48 126
1642 48 39 102
1642 39 138
274 195
274 39 128
51 195
51 48 134
51 48 39 106
51 39 137
3504 195
3504 48 94
3504 39 113
1697 195
1697 48 111
1697 39 114
2891 195
2891 39 99
2891 48 108
10423 195
10423 39 134
10423 39 48 109
10423 48 148
11794 196
11794 39 106
11794 48 107
10493 196
10493 48 97
10493 39 111
1929 196
1929 39 111
44 196
44 48 115
44 39 119
1696 196
1696 39 107
1696 48 112
1408 196
1408 48 109
1408 39 128
1537 197
1537 48 110
1537 48 39 98
1537 39 157
1159 197
1159 48 116
59 197
59 39 96
59 48 117
2480 197
2480 48 127
2480 48 39 106
2480 39 143
5108 197
5108 48 117
5108 39 127
968 197
968 39 115
968 48 117
3276 198
3276 39 133
3276 39 48 100
3276 48 138
83 198
83 48 103
83 39 133
3324 198
3324 48 95
3324 39 124
5968 198
5968 48 124
5968 39 125
3896 198
3896 48 96
3896 39 121
2239 199
2239 48 107
2239 39 130
6602 199
6602 48 119
6602 39 124
3551 199
3551 48 106
3551 39 110
828 199
828 39 130
828 39 48 96
828 48 131
127 200
127 39 106
127 48 116
22 200
2150 200
2150 39 133
2150 39 48 100
2150 48 141
755 200
755 39 115
755 48 130
1821 201
1821 48 109
1821 39 114
3638 201
3638 39 117
3638 48 123
3537 201
3537 48 115
3537 3535 130
3537 39 136
1023 201
1023 48 121
1023 39 124
11254 202
11254 48 96
11254 39 125
485 202
485 48 105
485 39 122
500 202
500 48 116
500 39 123
1063 202
1063 48 116
1063 39 131
9617 202
9617 48 113
9617 39 126
243 202
243 39 118
243 48 119
555 202
555 39 101
555 48 114
2263 202
2263 48 114
2263 39 117
3185 202
3185 48 117
3185 39 119
13060 203
13060 39 121
13060 48 122
10474 203
10474 48 113
10474 39 113
566 203
566 48 122
566 39 129
2389 203
2389 39 119
2389 48 136
1773 203
1773 48 111
1773 39 116
3535 204
3535 48 123
3535 39 140
314 204
314 48 103
314 39 120
2469 204
2469 48 124
2469 39 135
193 204
193 48 127
193 48 39 102
193 39 133
5358 205
5358 48 130
5358 48 39 107
5358 39 151
3005 205
3005 48 94
3005 39 149
3005 39 38 142
3005 38 195
861 205
861 48 110
3047 205
3047 48 107
3047 39 125
211 206
211 48 109
211 39 125
2351 207
2351 48 114
2351 39 123
713 207
713 48 129
713 48 39 102
713 39 141
1796 207
1796 48 102
1796 39 120
434 207
434 48 120
434 48 39 96
434 39 133
2117 208
2117 39 113
2117 48 130
2621 208
2621 48 119
2621 39 121
1771 209
1771 48 96
1771 39 120
1380 209
1380 1269 107
1380 1378 109
1380 1379 112
1380 1080 116
1380 48 124
1380 48 39 94
1380 309 134
1380 39 140
2097 209
2097 48 111
2097 39 137
3412 209
3412 48 125
3412 39 129
939 209
939 39 132
939 39 48 97
939 48 140
4105 209
4105 48 127
4105 48 39 97
4105 39 141
1772 209
1772 48 116
1772 39 121
706 210
706 48 116
706 48 39 96
706 39 153
1233 210
1233 48 112
1233 39 120
3756 210
3756 39 96
3756 48 119
382 210
382 48 116
382 39 120
1060 210
1060 48 147
1060 48 39 114
1060 39 153
2554 210
2554 48 98
2554 39 132
711 210
711 48 124
711 48 39 99
711 39 157
2537 210
2537 48 116
2537 39 127
596 211
596 48 116
596 39 143
141 211
141 39 121
141 48 131
40 211
40 48 99
40 39 131
2663 212
2663 48 127
2663 48 39 99
2663 39 149
5767 212
5767 48 127
5767 39 135
558 212
558 39 122
558 48 139
1016 212
1016 39 137
1016 39 48 103
1016 48 140
1342 212
1342 48 124
1342 48 39 96
1342 39 138
4891 213
4891 39 129
4891 39 48 97
4891 48 133
739 213
739 48 113
739 39 117
2506 213
2506 39 122
2506 48 129
1387 213
1387 39 118
1387 48 126
11840 213
11840 48 118
11840 48 39 95
11840 39 149
1343 214
1343 39 94
1343 48 114
8730 214
8730 48 118
8730 39 141
1789 214
1789 39 118
1789 39 48 99
1789 48 141
3319 214
3319 48 116
3319 39 127
1161 214
1161 48 118
1161 39 124
6118 214
6118 48 133
6118 39 136
2002 214
2002 39 124
2002 48 133
3055 214
3055 3021 106
3055 39 117
3055 48 135
10611 215
10611 48 119
10611 39 138
68 215
68 48 127
68 48 39 97
68 39 132
2413 215
2413 39 125
2413 48 129
3186 215
3186 48 117
3186 39 143
3021 215
3021 48 120
3021 39 128
2788 215
2788 39 127
2788 39 48 98
2788 48 143
5782 215
5782 48 128
5782 39 137
11747 216
11747 48 116
11747 39 140
4975 216
4975 48 135
4975 48 39 116
4975 39 164
639 216
639 48 124
639 48 39 96
639 39 155
10939 217
10939 48 109
10939 39 125
1459 218
1459 48 118
1459 39 130
442 218
442 39 118
442 48 124
1025 218
1025 48 109
1025 39 113
2286 218
2286 48 130
2286 39 138
4201 219
4201 39 121
4201 48 137
43 219
43 48 125
43 39 138
2011 219
2011 48 141
2011 48 39 116
2011 39 154
3735 219
3735 39 118
3735 48 128
3808 219
3808 39 138
3808 39 48 105
3808 48 143
1275 219
1275 48 130
1275 48 39 94
1275 39 141
13043 220
13043 48 129
13043 48 39 94
13043 39 134
493 221
493 48 139
493 48 39 99
493 39 147
3966 221
3966 48 124
3966 39 148
402 221
402 48 115
402 39 135
2147 221
2147 39 135
2147 39 48 97
2147 48 138
1538 221
1538 48 138
1538 48 39 113
1538 39 159
1678 222
1678 39 134
1678 48 145
4720 222
4720 48 107
4720 39 154
583 222
583 48 135
583 48 39 108
583 39 154
2805 222
2805 48 110
2805 48 38 107
2805 39 147
2805 39 38 144
2805 38 212
1593 222
1593 48 150
1593 48 39 117
1593 39 151
1744 222
1744 48 128
1744 48 39 98
1744 39 150
880 222
880 48 132
880 48 39 97
880 39 132
199 223
199 48 125
199 39 136
2599 223
2599 48 135
2599 48 39 107
2599 39 162
3006 224
3006 39 131
3006 48 135
529 224
529 39 149
529 39 48 114
529 48 150
2394 224
2394 39 139
2394 39 48 106
2394 48 158
337 224
337 39 124
337 48 132
660 224
660 48 126
660 39 131
9843 224
9843 48 130
9843 39 144
896 225
896 39 120
896 48 137
525 225
525 48 121
525 39 123
1964 225
1964 39 142
1964 39 48 100
1964 48 143
9669 225
9669 48 138
9669 48 39 108
9669 39 149
171 225
171 48 140
171 48 39 110
171 39 159
1345 226
1345 48 134
1345 48 39 104
1345 39 155
1818 226
1818 3311 140
1818 3311 795 106
1818 3311 795 1819 96
1818 3311 1819 114
1818 1819 145
1818 1819 39 96
1818 1819 795 116
1818 48 146
1818 48 795 94
1818 48 39 105
1818 39 147
1818 39 795 95
1818 795 150
3774 226
3774 39 136
3774 39 48 108
3774 48 152
2113 226
2113 48 148
2113 48 39 118
2113 39 171
1996 227
1996 48 149
1996 48 39 128
1996 39 174
3724 227
3724 39 100
3724 48 136
560 227
560 48 117
560 39 127
406 228
406 39 125
406 48 135
650 228
650 48 137
650 48 39 96
650 39 138
1527 228
1527 48 149
1527 48 39 117
1527 39 162
222 228
222 39 133
222 48 143
1652 228
1652 48 131
1652 48 39 109
1652 39 156
10818 228
10818 39 125
10818 48 132
3149 228
3149 48 120
3149 48 39 99
3149 39 161
1815 229
1815 39 115
1815 48 135
2706 229
2706 48 132
2706 39 133
4940 229
4940 39 140
4940 39 48 107
4940 48 147
3292 230
3292 39 118
3292 48 151
1012 230
1012 39 123
1012 48 147
2052 230
2052 48 134
2052 39 137
2746 230
2746 48 144
2746 48 39 112
2746 39 158
9001 230
9001 48 128
9001 48 39 100
9001 39 160
220 230
220 48 138
220 48 39 103
220 39 156
13182 230
13182 48 127
13182 39 138
10074 230
10074 48 123
10074 39 165
3221 231
3221 39 127
3221 39 48 101
3221 48 159
2983 231
2983 48 142
2983 48 39 100
2983 39 149
2728 231
2728 48 134
2728 39 143
447 231
447 48 140
447 39 142
486 231
486 39 127
486 48 137
851 231
851 39 129
851 48 137
151 232
151 32 106
151 48 130
151 39 158
1072 232
1072 48 136
1072 48 39 109
1072 39 154
98 232
98 48 122
98 39 131
1071 232
1071 39 122
1071 48 147
3553 232
3553 48 129
3553 39 132
2874 233
2874 48 138
2874 48 39 95
2874 39 139
282 233
282 39 158
282 39 48 121
282 48 162
2990 233
2990 39 128
2990 39 48 94
2990 48 130
6128 233
6128 48 146
6128 48 39 111
6128 39 152
4630 234
4630 39 143
4630 39 48 111
4630 48 144
108 234
108 39 128
108 39 48 97
108 48 139
849 234
849 48 134
849 39 141
440 235
440 39 139
440 39 48 97
440 48 143
1085 235
1085 48 117
1085 39 133
12677 235
12677 39 125
12677 48 136
759 235
759 48 138
759 48 39 114
759 39 153
399 235
399 48 154
399 48 39 117
399 39 160
887 235
887 39 138
887 39 48 108
887 48 164
599 235
599 48 123
599 39 134
4170 236
4170 48 131
4170 39 131
1249 237
1249 39 151
1249 39 48 112
1249 48 155
2103 237
2103 39 148
2103 39 48 102
2103 48 153
4316 237
4316 48 135
4316 39 143
1476 237
1476 48 119
1476 48 39 103
1476 39 168
911 237
911 39 144
911 39 48 111
911 48 150
565 237
565 581 109
565 48 149
565 48 39 112
565 39 156
2188 238
2188 39 140
2188 39 48 103
2188 48 143
9304 238
9304 39 126
9304 48 136
1395 239
1395 48 138
1395 48 39 97
1395 39 149
200 239
200 48 139
200 48 39 101
200 39 146
392 239
392 39 135
392 39 48 97
392 48 141
606 239
606 48 117
606 39 144
4209 239
4209 48 128
4209 48 39 95
4209 39 143
926 240
926 48 142
926 48 39 110
926 39 156
3683 240
3683 48 125
3683 39 148
1994 240
1994 39 136
1994 39 48 111
1994 48 162
1784 241
1784 48 150
1784 48 39 110
1784 39 151
3311 241
3311 795 147
3311 795 1819 124
3311 48 149
3311 48 39 106
3311 48 1819 107
3311 39 151
3311 39 1819 115
3311 1819 180
2634 242
2634 48 140
2634 39 143
3404 243
3404 39 156
3404 39 48 117
3404 48 158
760 243
760 48 149
760 48 39 102
760 39 155
2528 243
2528 48 136
2528 48 39 99
2528 39 152
4339 243
4339 48 143
4339 48 39 101
4339 39 159
1332 243
1332 39 136
1332 39 48 95
1332 48 146
104 244
104 48 133
104 48 39 99
104 39 152
491 244
491 48 182
491 48 39 148
491 39 186
1594 244
1594 48 131
1594 48 39 95
1594 39 153
708 244
708 48 145
708 48 39 114
708 39 178
3291 244
3291 48 149
3291 48 39 106
3291 39 156
2350 244
2350 39 147
2350 39 48 116
2350 48 159
15345 244
15345 39 128
15345 48 137
1378 244
1378 308 96
1378 1080 117
1378 1080 1379 95
1378 1269 120
1378 1269 309 94
1378 48 147
1378 48 39 108
1378 309 151
1378 309 39 104
1378 309 1379 117
1378 1379 158
1378 1379 39 106
1378 39 159
3321 244
3321 48 140
3321 48 39 99
3321 39 154
133 245
133 39 156
133 39 48 115
133 48 158
69 246
69 48 156
69 48 39 117
69 39 162
1160 247
1160 39 156
1160 39 48 109
1160 48 157
651 247
651 48 129
651 48 39 98
651 39 156
1104 247
1104 48 149
1104 48 39 119
1104 39 167
1591 247
1591 48 152
1591 48 39 116
1591 39 169
2276 248
2276 39 121
2276 48 139
2998 248
2998 39 168
2998 39 48 130
2998 48 169
388 248
388 48 143
388 48 39 102
388 39 152
767 248
767 39 162
767 39 48 122
767 48 164
350 248
350 48 128
350 39 153
50 249
50 48 128
50 48 39 96
50 39 153
2177 249
2177 48 152
2177 48 39 112
2177 39 161
1318 249
1318 48 143
1318 48 39 107
1318 39 153
1609 249
1609 48 130
1609 48 39 96
1609 14933 145
1609 39 153
2815 249
2815 39 133
2815 39 48 94
2815 48 151
77 250
77 39 139
77 39 48 108
77 48 162
2441 250
2441 39 148
2441 39 48 105
2441 48 154
256 250
256 48 134
256 48 39 113
256 39 188
795 251
795 39 156
795 39 48 108
795 39 1819 108
795 48 158
795 48 1819 108
795 1819 167
2561 251
2561 39 126
2561 39 48 94
2561 48 145
1804 251
1804 48 151
1804 48 39 113
1804 39 164
1819 251
1819 48 156
1819 48 39 112
1819 39 163
597 251
597 48 159
597 48 39 136
597 39 209
2186 251
2186 48 128
2186 39 154
3102 252
3102 48 130
3102 48 39 100
3102 39 155
924 252
924 39 151
924 39 48 115
924 48 164
2406 252
2406 48 121
2406 39 150
1897 252
1897 39 141
1897 48 144
1143 253
1143 48 123
1143 48 39 102
1143 39 178
2723 253
2723 39 127
2723 48 142
1497 253
1497 48 98
1497 39 139
10568 253
10568 39 155
10568 39 48 111
10568 48 157
925 253
925 48 156
925 48 39 120
925 39 165
1372 253
1372 48 147
1372 48 39 108
1372 39 156
5728 254
5728 5729 114
5728 2238 121
5728 48 160
5728 48 39 132
5728 39 191
1595 254
1595 39 148
1595 39 48 99
1595 48 149
2843 255
2843 39 148
2843 39 48 95
2843 48 156
576 255
576 48 161
576 48 39 118
576 39 170
987 255
987 48 153
987 48 39 118
987 39 157
3451 256
3451 48 136
3451 48 39 98
3451 39 161
1026 256
1026 48 139
1026 48 39 109
1026 39 168
167 256
167 164 111
167 39 148
167 39 48 110
167 48 164
1163 256
1163 39 141
1163 39 48 108
1163 48 177
206 257
206 48 153
206 48 39 105
206 39 153
1966 257
1966 48 152
1966 48 39 117
1966 39 184
837 257
837 39 133
837 48 151
2225 257
2225 48 122
2225 39 152
3189 258
3189 39 138
3189 39 48 97
3189 48 150
647 258
647 39 112
647 769 150
4307 258
4307 39 157
4307 39 48 118
4307 48 168
1899 258
1899 48 151
1899 48 39 111
1899 39 174
492 259
492 48 148
492 48 39 111
492 39 164
612 259
612 48 135
612 48 39 99
612 39 149
189 259
189 41 103
189 48 132
189 48 39 99
189 39 154
489 259
489 39 154
489 39 48 110
489 48 165
3160 259
3160 48 135
3160 39 150
10513 259
10513 39 145
10513 39 48 100
10513 48 155
552 259
552 39 156
552 39 48 117
552 48 174
2420 260
2420 48 145
2420 48 39 108
2420 39 162
1831 260
1831 48 120
1831 48 38 117
1831 39 160
1831 39 38 156
1831 38 252
757 260
757 48 155
757 48 39 121
757 39 184
2915 260
2915 48 141
2915 48 39 101
2915 39 164
2259 260
2259 48 127
2259 48 39 94
2259 39 175
550 260
550 48 146
550 48 39 102
550 39 154
1013 260
1013 48 150
1013 48 39 111
1013 39 162
749 261
749 48 125
749 39 137
753 261
753 39 157
753 39 48 107
753 48 158
4344 261
4344 48 128
4344 48 39 101
4344 39 184
1014 261
1014 39 157
1014 39 48 115
1014 48 162
587 261
587 39 156
587 39 48 109
587 48 163
2212 261
2212 48 145
2212 48 39 98
2212 39 150
3151 262
3151 39 150
3151 39 48 111
3151 48 155
536 262
536 39 160
536 39 48 110
536 48 164
344 262
344 39 122
344 39 48 103
344 48 161
932 262
932 48 140
932 48 39 107
932 39 166
3462 262
3462 48 148
3462 48 39 104
3462 39 157
205 262
205 48 152
205 48 39 106
205 39 159
673 263
673 48 132
673 48 39 99
673 39 172
308 263
308 1080 98
308 309 115
308 1379 124
308 48 149
308 48 39 108
308 1269 150
308 1269 39 109
308 39 170
414 263
414 48 144
414 48 39 111
414 39 188
3012 263
3012 48 151
3012 48 39 106
3012 39 165
347 264
347 39 160
347 39 48 120
347 48 177
2763 264
2763 48 147
2763 48 39 112
2763 39 164
3635 264
3635 48 166
3635 48 39 111
3635 39 168
1786 264
1786 48 168
1786 48 39 150
1786 39 206
1629 264
1629 39 150
1629 39 48 110
1629 48 165
2988 264
2988 48 142
2988 48 39 96
2988 39 152
1938 265
1938 48 130
1938 48 39 97
1938 39 169
1183 265
1183 39 136
1183 39 48 108
1183 48 179
10448 265
10448 48 149
10448 48 39 98
10448 39 154
2370 266
2370 48 146
2370 48 39 97
2370 39 151
1010 266
1010 48 165
1010 48 39 126
1010 39 193
1 266
1 48 142
1 48 39 96
1 39 163
2167 266
2167 48 181
2167 48 39 139
2167 39 181
1903 266
1903 39 141
1903 39 48 108
1903 48 156
116 266
116 48 154
116 48 39 108
116 39 166
8867 267
8867 48 151
8867 48 39 108
8867 39 163
12473 268
12473 48 166
12473 48 39 120
12473 39 172
2856 268
2856 39 170
2856 39 48 120
2856 48 176
285 268
285 39 152
285 39 48 122
285 48 185
1602 270
1602 48 165
1602 48 39 128
1602 39 176
1616 270
1616 48 149
1616 48 39 111
1616 39 169
10605 270
10605 48 179
10605 48 39 145
10605 39 191
4685 270
4685 39 166
4685 39 48 124
4685 48 178
563 270
563 48 155
563 48 39 115
563 39 163
2053 271
2053 39 157
2053 39 48 122
2053 48 176
95 271
95 48 162
95 48 39 126
95 39 189
1096 271
1096 39 152
1096 39 48 105
1096 48 154
1232 272
1232 39 140
1232 39 48 104
1232 48 179
5248 272
5248 48 152
5248 48 39 116
5248 39 175
5124 272
5124 39 150
5124 39 48 106
5124 48 170
244 272
244 39 146
244 48 147
2997 273
2997 48 162
2997 48 39 112
2997 39 164
3315 274
3315 48 155
3315 48 39 125
3315 39 175
165 274
165 166 99
165 684 101
165 164 160
165 164 48 118
165 39 160
165 39 48 122
165 48 195
805 274
805 48 171
805 48 39 136
805 39 193
615 274
615 39 130
615 39 48 98
615 48 170
2573 275
2573 48 154
2573 48 39 112
2573 39 178
10420 275
10420 48 178
10420 48 39 135
10420 39 183
1741 275
1741 48 134
1741 48 39 107
1741 39 194
4945 275
4945 39 142
4945 39 48 105
4945 48 177
169 276
169 48 159
169 48 39 122
169 39 177
1188 276
1188 48 134
1188 48 39 107
1188 48 39 38 99
1188 48 38 125
1188 39 176
1188 39 38 160
1188 38 256
250 276
250 39 155
250 39 48 118
250 48 178
128 276
128 39 144
128 39 48 104
128 48 170
1294 277
1294 48 166
1294 48 39 124
1294 39 167
684 277
684 164 114
684 166 138
684 39 168
684 39 48 119
684 48 177
1291 277
1291 48 160
1291 48 39 108
1291 39 170
4070 278
4070 48 175
4070 48 39 133
4070 39 177
1269 279
1269 1379 128
1269 1379 309 97
1269 1080 137
1269 309 149
1269 309 39 105
1269 48 161
1269 48 39 130
1269 39 194
3279 279
3279 48 161
3279 48 39 116
3279 39 181
2344 280
2344 48 180
2344 48 39 128
2344 39 183
611 280
611 548 101
611 48 161
611 48 39 115
611 39 165
2596 280
2596 39 149
2596 39 48 100
2596 48 156
764 280
764 48 153
764 48 39 132
764 39 194
1976 281
1976 48 177
1976 48 39 129
1976 39 184
2625 281
2625 39 161
2625 39 48 111
2625 48 166
1564 283
1564 39 140
1564 39 48 101
1564 48 182
511 283
511 48 135
511 39 161
1280 283
1280 48 165
1280 48 39 125
1280 39 169
1379 283
1379 1080 141
1379 1080 309 103
1379 48 156
1379 48 309 95
1379 48 39 116
1379 309 166
1379 309 39 118
1379 39 196
234 284
234 48 138
234 48 39 107
234 39 185
412 284
412 48 181
412 48 39 141
412 39 188
10551 285
10551 10515 106
10551 48 168
10551 48 39 114
10551 39 178
2965 285
2965 48 179
2965 48 39 132
2965 39 179
2635 285
2635 48 152
2635 48 39 114
2635 39 178
3194 286
3194 48 139
3194 39 143
662 286
662 48 161
662 48 39 118
662 39 169
3668 286
3668 39 174
3668 39 48 125
3668 48 180
4899 287
4899 225 96
4899 48 144
4899 48 39 120
4899 39 203
1001 287
1001 39 162
1001 39 48 124
1001 48 183
907 287
907 48 152
907 48 39 105
907 39 194
82 287
82 39 165
82 39 48 120
82 48 177
718 287
718 1043 94
718 48 170
718 48 39 134
718 39 180
423 288
423 48 162
423 48 39 111
423 39 164
2388 288
2388 48 178
2388 48 39 149
2388 39 223
5405 288
5405 48 170
5405 48 39 124
5405 39 173
4642 288
4642 48 135
4642 39 145
3294 289
3294 48 161
3294 48 39 131
3294 39 198
1282 289
1282 48 173
1282 48 39 133
1282 39 195
5729 289
5729 41 118
5729 2238 145
5729 2238 48 104
5729 2238 39 107
5729 48 192
5729 48 39 155
5729 39 216
938 290
938 39 165
938 39 48 107
938 48 168
9579 291
9579 48 190
9579 48 39 135
9579 39 192
1763 292
1763 48 164
1763 48 39 113
1763 39 165
2164 293
2164 48 186
2164 48 39 135
2164 39 188
8068 293
8068 48 166
8068 48 39 132
8068 39 202
168 293
168 48 189
168 48 39 152
168 39 208
2464 293
2464 48 184
2464 48 39 134
2464 39 186
1590 293
1590 48 124
1590 48 38 120
1590 39 199
1590 39 38 193
1590 38 281
5074 294
5074 48 182
5074 48 39 121
5074 39 184
543 295
543 48 172
543 48 39 117
543 39 175
1172 295
1172 39 176
1172 39 48 128
1172 48 184
5 295
5 48 159
5 48 39 100
5 39 160
1080 295
1080 309 159
1080 309 39 100
1080 48 167
1080 48 39 119
1080 39 183
682 296
682 166 108
682 39 188
682 39 48 130
682 48 191
4994 296
4994 48 173
4994 48 39 129
4994 39 188
1842 296
1842 48 176
1842 48 39 146
1842 39 210
2440 296
2440 41 96
2440 48 185
2440 48 39 143
2440 39 199
5152 297
5152 38 96
5152 48 152
5152 48 39 126
5152 39 189
2054 297
2054 48 176
2054 48 39 129
2054 39 188
504 298
504 48 113
504 48 38 98
504 39 196
504 39 38 170
504 38 245
1281 298
1281 730 96
1281 48 161
1281 48 39 121
1281 39 178
4779 299
4779 39 158
4779 39 48 110
4779 48 172
1489 299
1489 48 155
1489 48 39 115
1489 39 189
3316 300
3316 39 168
3316 39 48 106
3316 48 169
166 300
166 164 127
166 39 180
166 39 48 131
166 48 183
2425 300
2425 48 160
2425 48 39 105
2425 39 164
1939 300
1939 48 178
1939 48 39 121
1939 39 181
2375 300
2375 39 184
2375 39 48 140
2375 48 187
697 300
697 48 165
697 48 39 132
697 39 200
2749 301
2749 38 95
2749 48 166
2749 48 39 116
2749 39 192
927 301
927 48 180
927 48 39 124
927 39 183
2364 301
2364 39 168
2364 39 48 115
2364 48 179
14386 301
14386 48 132
14386 39 169
989 302
989 48 189
989 48 39 139
989 39 198
1956 302
1956 39 194
1956 39 48 161
1956 48 243
10451 302
10451 39 168
10451 39 48 120
10451 48 175
12981 303
12981 48 160
12981 48 39 102
12981 39 174
4207 303
4207 39 171
4207 39 48 136
4207 48 205
213 304
213 48 160
213 48 39 123
213 39 216
320 305
320 48 195
320 48 39 139
320 39 199
278 306
278 39 171
278 39 48 117
278 48 174
1991 306
1991 48 120
1991 48 39 97
1991 39 225
227 307
227 48 102
227 39 151
397 307
397 39 198
397 39 48 156
397 48 210
309 309
309 48 161
309 48 39 123
309 39 211
2792 309
2792 41 97
2792 39 225
2792 39 48 175
2792 48 226
235 309
235 48 184
235 48 39 143
235 39 197
1034 310
1034 48 109
1034 39 157
1034 769 172
2524 310
2524 39 167
2524 39 48 135
2524 48 213
1333 311
1333 48 171
1333 48 39 117
1333 39 187
10943 311
10943 39 153
10943 39 48 115
10943 48 204
1655 311
1655 39 190
1655 39 48 139
1655 48 197
3759 312
3759 48 195
3759 48 39 159
3759 39 219
1808 314
1808 48 181
1808 48 39 133
1808 39 183
2191 316
2191 48 172
2191 48 39 122
2191 39 182
534 316
534 48 203
534 48 39 147
534 39 215
3317 316
3317 48 172
3317 48 39 116
3317 39 179
204 316
204 48 190
204 48 39 135
204 39 191
622 317
622 39 177
622 39 48 130
622 48 191
262 317
262 48 186
262 48 39 130
262 39 192
2629 318
2629 48 197
2629 48 39 149
2629 39 198
501 319
501 39 117
501 48 124
66 319
66 48 168
66 48 39 112
66 39 180
2075 319
2075 48 181
2075 48 39 137
2075 39 210
342 319
342 39 179
342 39 48 134
342 48 193
215 320
215 48 206
215 48 39 158
215 39 215
433 321
433 48 173
433 48 39 130
433 39 197
921 322
921 48 183
921 48 39 127
921 39 188
1529 322
1529 41 96
1529 48 139
1529 48 39 108
1529 48 39 38 97
1529 48 38 125
1529 39 223
1529 39 38 202
1529 38 295
13032 324
13032 39 186
13032 39 48 132
13032 48 195
1209 324
1209 48 201
1209 48 39 162
1209 39 220
3964 324
3964 48 214
3964 48 39 160
3964 39 225
75 324
75 48 209
75 48 39 160
75 39 220
4524 324
4524 48 187
4524 48 39 127
4524 39 193
2495 324
2495 39 196
2495 39 48 140
2495 48 202
12982 325
12982 48 177
12982 48 39 122
12982 39 190
652 325
652 48 187
652 48 39 127
652 39 205
13174 325
13174 48 184
13174 48 39 121
13174 39 197
1196 325
1196 48 185
1196 48 39 132
1196 39 192
203 327
203 41 95
203 39 199
203 39 48 146
203 48 204
2215 327
2215 39 164
2215 39 48 114
2215 48 195
1698 327
1698 41 96
1698 39 192
1698 39 48 140
1698 48 197
15578 328
15578 41 107
15578 48 182
15578 48 39 149
15578 39 233
751 328
751 41 98
751 39 193
751 39 48 141
751 48 202
769 329
769 48 103
769 39 136
4393 329
4393 48 185
4393 48 39 130
4393 39 191
13334 330
13334 39 172
13334 39 48 118
13334 48 189
3827 330
3827 48 188
3827 48 39 148
3827 39 239
164 330
164 39 179
164 39 48 138
164 48 224
1185 332
1185 48 195
1185 48 39 144
1185 39 205
2091 332
2091 48 187
2091 48 39 141
2091 39 205
96 334
96 48 191
96 48 39 145
96 39 224
2894 334
2894 48 180
2894 48 39 108
2894 39 182
984 334
984 48 205
984 48 39 159
984 39 226
346 335
346 39 205
346 39 48 146
346 48 216
643 336
643 39 208
643 39 48 150
643 48 212
1081 337
1081 48 200
1081 48 39 142
1081 39 210
1360 337
1360 48 194
1360 48 39 124
1360 39 204
4650 337
4650 39 184
4650 39 48 119
4650 48 188
195 337
195 48 178
195 48 39 134
195 39 217
10525 338
10525 10490 109
10525 39 206
10525 39 48 153
10525 48 208
2325 339
2325 41 98
2325 39 208
2325 39 48 147
2325 48 212
1444 339
1444 39 206
1444 39 48 142
1444 48 208
2633 339
2633 48 181
2633 48 39 120
2633 39 190
1638 339
1638 39 223
1638 39 48 164
1638 48 226
653 339
653 39 192
653 39 48 124
653 48 195
7975 339
7975 39 186
7975 39 48 134
7975 48 200
10442 340
10442 39 202
10442 39 48 150
10442 48 229
1425 341
1425 48 172
1425 48 39 122
1425 39 202
3904 341
3904 41 124
3904 41 39 112
3904 41 39 38 108
3904 41 38 120
3904 48 200
3904 48 39 179
3904 48 39 38 173
3904 48 38 193
3904 39 275
3904 39 38 268
3904 38 333
12933 342
12933 48 199
12933 48 39 142
12933 39 227
1308 343
1308 39 184
1308 39 48 131
1308 48 191
2468 343
2468 48 162
2468 48 39 123
2468 39 213
993 344
993 39 197
993 39 48 140
993 48 201
15 345
15 39 208
15 39 48 148
15 48 210
2065 345
2065 48 209
2065 48 39 152
2065 39 235
497 346
497 48 176
497 48 39 127
497 39 200
1027 346
1027 39 221
1027 39 48 165
1027 48 228
610 346
610 39 182
610 39 48 129
610 48 196
2254 347
2254 41 107
2254 79 120
2254 48 198
2254 48 39 151
2254 39 216
16431 351
16431 41 105
16431 41 16430 104
16431 48 175
16431 48 39 107
16431 48 39 16430 106
16431 48 16430 174
16431 39 189
16431 39 16430 186
16431 16430 348
829 352
829 48 200
829 48 39 148
829 39 214
3510 352
3510 48 213
3510 48 39 148
3510 39 225
424 352
424 39 201
424 39 48 151
424 48 218
2626 353
2626 39 199
2626 39 48 150
2626 48 214
768 354
768 32 94
768 48 157
768 48 39 105
768 39 188
640 359
640 39 227
640 39 48 169
640 48 232
5051 363
5051 39 216
5051 39 48 150
5051 48 217
1046 365
1046 39 170
1046 39 48 119
1046 39 48 32 110
1046 39 32 156
1046 48 190
1046 48 32 171
1046 32 339
734 366
734 32 95
734 39 255
734 39 48 229
734 48 329
232 366
232 39 200
232 39 48 131
232 48 207
7205 366
7205 48 209
7205 48 39 137
7205 39 209
2991 369
2991 806 110
2991 175 116
2991 48 189
2991 48 39 139
2991 39 230
730 369
730 48 215
730 48 39 167
730 39 241
817 369
817 39 182
817 39 48 127
817 48 210
785 369
785 38 106
785 48 189
785 48 39 140
785 39 222
8691 369
8691 41 96
8691 39 259
8691 39 48 213
8691 48 288
2552 371
2552 41 105
2552 39 205
2552 39 48 148
2552 48 221
1973 371
1973 39 191
1973 39 48 141
1973 48 236
978 371
978 48 203
978 48 39 164
978 39 273
1619 372
1619 41 96
1619 48 236
1619 48 39 174
1619 39 252
2187 374
2187 41 98
2187 39 221
2187 39 48 158
2187 48 233
1562 374
1562 39 193
1562 39 48 122
1562 48 206
2115 375
2115 32 99
2115 39 213
2115 39 48 168
2115 48 237
370 375
370 41 112
370 41 38 111
370 48 196
370 48 39 145
370 48 39 38 142
370 48 38 191
370 39 248
370 39 38 241
370 38 362
903 376
903 38 99
903 48 192
903 48 39 151
903 39 264
390 376
390 41 102
390 41 38 99
390 48 210
390 48 39 165
390 48 39 38 154
390 48 38 197
390 39 258
390 39 38 241
390 38 354
2015 376
2015 39 230
2015 39 48 178
2015 48 259
1082 379
1082 39 196
1082 39 48 124
1082 48 212
1930 379
1930 48 215
1930 48 39 148
1930 39 226
3502 381
3502 48 214
3502 48 39 164
3502 39 244
715 382
715 39 217
715 39 48 167
715 48 254
10490 382
10490 41 101
10490 39 237
10490 39 48 176
10490 48 240
727 383
727 39 241
727 39 48 184
727 48 253
2353 383
2353 48 215
2353 48 39 166
2353 39 253
1257 383
1257 48 248
1257 48 39 193
1257 39 256
1003 387
1003 48 250
1003 48 39 182
1003 39 252
2515 388
2515 32 105
2515 39 197
2515 39 48 133
2515 48 218
12935 390
12935 39 267
12935 39 48 214
12935 48 302
840 391
840 41 99
840 41 38 96
840 48 206
840 48 39 147
840 48 39 38 145
840 48 38 202
840 39 251
840 39 38 245
840 38 379
1214 391
1214 48 195
1214 48 39 137
1214 39 230
1859 391
1859 32 100
1859 41 156
1859 41 48 99
1859 41 39 113
1859 352 161
1859 48 210
1859 48 39 134
1859 39 218
1313 392
1313 48 250
1313 48 39 179
1313 39 250
2492 392
2492 39 217
2492 39 48 141
2492 48 238
13443 396
13443 48 217
13443 48 39 142
13443 39 229
341 396
341 39 228
341 39 48 160
341 48 235
2208 399
2208 41 118
2208 41 39 95
2208 48 222
2208 48 39 158
2208 39 235
1361 400
1361 272 96
1361 48 215
1361 48 39 149
1361 39 261
1052 401
1052 39 206
1052 39 48 152
1052 48 266
12951 403
12951 48 219
12951 48 39 183
12951 39 283
176 404
176 41 101
176 39 204
176 39 48 144
176 48 226
4698 405
4698 41 99
4698 48 251
4698 48 39 187
4698 39 263
246 405
246 41 117
246 39 259
246 39 48 182
246 48 265
1103 407
1103 32 99
1103 48 250
1103 48 39 189
1103 39 252
3361 409
3361 41 101
3361 48 229
3361 48 39 162
3361 39 231
12 409
12 41 97
12 39 230
12 39 48 161
12 48 238
1481 409
1481 32 110
1481 48 236
1481 48 39 188
1481 39 272
14099 409
14099 48 233
14099 48 39 172
14099 39 242
2775 410
2775 48 239
2775 48 39 167
2775 39 249
1066 411
1066 32 98
1066 39 236
1066 39 48 169
1066 48 250
2673 411
2673 41 119
2673 39 246
2673 39 48 190
2673 48 280
248 412
248 39 275
248 39 48 200
248 48 285
415 412
415 39 243
415 39 48 179
415 48 255
842 412
842 38 98
842 175 143
842 48 201
842 48 39 158
842 39 263
694 412
694 38 106
694 48 215
694 48 39 162
694 39 267
8985 414
8985 48 220
8985 48 39 168
8985 39 276
10656 415
10656 10444 99
10656 39 227
10656 39 48 167
10656 48 245
1557 415
1557 41 112
1557 48 250
1557 48 39 166
1557 39 252
12943 417
12943 48 207
12943 48 39 143
12943 39 253
10653 418
10653 41 95
10653 39 246
10653 39 48 169
10653 48 252
10491 418
10491 48 234
10491 48 39 176
10491 39 257
1543 419
1543 41 110
1543 41 39 102
1543 48 240
1543 48 39 189
1543 39 290
2056 419
2056 32 97
2056 41 101
2056 39 257
2056 39 48 180
2056 48 258
2241 420
2241 48 284
2241 48 39 214
2241 39 285
351 420
351 32 98
351 38 116
351 39 220
351 39 48 129
351 48 221
1277 420
1277 39 241
1277 39 48 166
1277 48 248
3799 421
3799 48 264
3799 48 39 206
3799 39 284
9555 421
9555 48 224
9555 48 39 149
9555 39 240
1513 422
1513 48 248
1513 48 39 196
1513 39 284
1486 423
1486 32 100
1486 41 111
1486 39 256
1486 39 48 181
1486 48 270
1000 423
1000 48 221
1000 48 39 164
1000 39 245
2343 425
2343 32 100
2343 39 233
2343 39 48 146
2343 48 239
1121 425
1121 41 138
1121 41 39 106
1121 48 250
1121 48 39 168
1121 39 257
1126 425
1126 41 99
1126 48 246
1126 48 39 165
1126 39 246
2523 426
2523 38 109
2523 39 247
2523 39 48 187
2523 48 269
16430 426
16430 32 101
16430 41 121
16430 48 219
16430 48 39 124
16430 39 221
514 427
514 41 100
514 39 271
514 39 48 201
514 48 293
830 428
830 32 97
830 39 256
830 39 48 196
830 48 294
547 428
547 48 252
547 48 39 171
547 39 254
1158 428
1158 48 232
1158 48 39 154
1158 39 242
9501 430
9501 32 98
9501 48 232
9501 48 39 170
9501 39 275
2987 431
2987 798 99
2987 39 238
2987 39 48 186
2987 48 284
591 432
591 41 110
591 32 118
591 48 280
591 48 39 210
591 39 289
2505 433
2505 41 95
2505 38 110
2505 2284 194
2505 2284 48 109
2505 2284 39 131
2505 48 256
2505 48 39 201
2505 39 297
1062 433
1062 589 107
1062 48 232
1062 48 39 168
1062 39 268
319 435
319 32 104
319 41 106
319 48 261
319 48 39 194
319 39 270
384 437
384 32 95
384 41 144
384 41 39 112
384 48 247
384 48 39 175
384 39 279
13189 438
13189 48 236
13189 48 39 173
13189 39 266
352 438
352 32 117
352 41 170
352 41 48 119
352 41 48 39 94
352 41 39 124
352 39 224
352 39 48 151
352 48 246
979 439
979 32 102
979 41 120
979 41 39 107
979 48 266
979 48 39 222
979 39 332
365 442
365 38 95
365 41 120
365 41 39 106
365 48 259
365 48 39 197
365 39 288
47 444
47 32 149
47 32 48 107
47 32 48 39 97
47 32 48 38 107
47 32 48 38 39 97
47 32 39 118
47 32 39 38 117
47 32 38 147
47 48 274
47 48 39 216
47 48 39 38 212
47 48 38 269
47 39 320
47 39 38 313
47 38 432
490 445
490 48 279
490 48 39 193
490 39 279
1404 446
1404 32 111
1404 39 273
1404 39 48 202
1404 48 277
1113 448
1113 41 102
1113 48 248
1113 48 39 171
1113 39 248
1704 450
1704 41 98
1704 32 99
1704 48 246
1704 48 39 180
1704 39 287
1585 450
1585 41 107
1585 32 107
1585 39 262
1585 39 48 191
1585 48 292
281 453
281 41 120
281 41 38 113
281 48 269
281 48 39 193
281 48 39 38 184
281 48 38 259
281 39 288
281 39 38 274
281 38 432
831 454
831 41 98
831 48 311
831 48 39 237
831 39 314
1659 459
1659 32 98
1659 41 129
1659 41 48 101
1659 41 39 105
1659 48 258
1659 48 39 194
1659 39 307
2051 461
2051 48 300
2051 48 39 222
2051 39 308
2135 461
2135 32 97
2135 41 114
2135 41 39 96
2135 48 293
2135 48 39 228
2135 39 317
2184 462
2184 41 144
2184 41 48 102
2184 41 39 111
2184 48 288
2184 48 39 210
2184 39 294
80 464
80 38 97
80 41 100
80 48 271
80 48 39 208
80 39 316
1020 465
1020 32 101
1020 48 274
1020 48 39 190
1020 39 284
432 466
432 41 134
432 41 39 114
432 48 251
432 48 39 190
432 39 286
136 467
136 549 97
136 32 107
136 107 111
136 1067 112
136 41 117
136 41 39 97
136 48 286
136 48 39 219
136 39 306
1867 467
1867 39 274
1867 39 48 187
1867 48 275
1677 468
1677 41 103
1677 39 291
1677 39 48 211
1677 48 306
1479 472
1479 32 107
1479 38 111
1479 48 273
1479 48 39 197
1479 39 302
10444 473
10444 41 115
10444 41 39 95
10444 39 293
10444 39 48 221
10444 48 302
12959 476
12959 48 228
12959 48 39 149
12959 39 262
14933 479
14933 38 101
14933 32 105
14933 41 116
14933 41 39 98
14933 48 274
14933 48 39 205
14933 39 320
178 479
178 806 102
178 41 103
178 32 119
178 38 124
178 175 151
178 175 39 109
178 48 246
178 48 39 194
178 39 313
408 479
408 39 278
408 39 48 198
408 48 279
2399 481
2399 48 276
2399 48 39 194
2399 39 291
418 481
418 48 267
418 48 39 200
418 39 293
2080 481
2080 41 99
2080 39 281
2080 39 48 187
2080 48 285
2879 481
2879 41 95
2879 32 114
2879 48 276
2879 48 39 199
2879 39 292
1987 482
1987 38 94
1987 32 119
1987 41 122
1987 41 39 97
1987 48 298
1987 48 39 217
1987 39 309
808 482
808 41 131
808 41 39 96
808 48 267
808 48 39 181
808 39 283
2329 488
2329 41 102
2329 32 116
2329 39 270
2329 39 48 214
2329 48 324
345 490
345 41 94
345 39 300
345 39 48 212
345 48 316
856 494
856 32 103
856 48 271
856 48 39 192
856 39 291
793 494
793 41 131
793 41 39 95
793 48 304
793 48 39 218
793 39 312
2168 499
2168 32 103
2168 41 153
2168 41 39 117
2168 48 265
2168 48 39 205
2168 39 301
52 501
52 41 108
52 32 115
52 39 320
52 39 48 239
52 48 326
798 503
798 41 117
798 41 48 99
798 39 290
798 39 48 230
798 48 329
1714 507
1714 38 99
1714 41 121
1714 41 39 101
1714 48 282
1714 48 39 193
1714 39 317
2284 508
2284 38 103
2284 41 118
2284 41 39 109
2284 48 292
2284 48 39 226
2284 39 349
426 508
426 41 124
426 41 48 94
426 41 39 102
426 48 327
426 48 39 250
426 39 334
53 509
53 32 101
53 41 127
53 41 39 105
53 48 322
53 48 39 253
53 39 351
1355 512
1355 32 112
1355 38 125
1355 41 138
1355 41 39 105
1355 175 177
1355 175 39 108
1355 48 260
1355 48 39 194
1355 39 313
571 513
571 32 115
571 41 121
571 41 48 97
571 41 39 101
571 48 318
571 48 39 240
571 39 322
398 515
398 32 106
398 41 124
398 48 320
398 48 39 224
398 39 320
94 516
94 32 113
94 41 143
94 41 39 114
94 48 293
94 48 39 209
94 39 300
855 519
855 38 119
855 41 158
855 41 48 100
855 41 39 117
855 48 306
855 48 39 228
855 39 325
910 519
910 38 106
910 956 111
910 396 115
910 41 120
910 41 39 94
910 32 137
910 48 313
910 48 39 222
910 39 322
4883 521
4883 41 97
4883 48 305
4883 48 39 200
4883 39 313
790 523
790 32 120
790 32 38 118
790 41 204
790 41 48 138
790 41 48 39 111
790 41 48 39 38 110
790 41 48 38 136
790 41 39 154
790 41 39 38 153
790 41 38 202
790 48 315
790 48 39 239
790 48 39 38 235
790 48 38 307
790 39 364
790 39 38 356
790 38 508
261 523
261 32 101
261 41 120
261 41 39 100
261 38 121
261 38 39 103
261 48 330
261 48 39 244
261 39 349
1693 524
1693 32 103
1693 48 316
1693 48 39 232
1693 39 347
623 525
623 32 99
623 41 152
623 41 48 102
623 41 39 114
623 48 310
623 48 39 213
623 39 315
297 525
297 32 101
297 41 128
297 41 39 105
297 544 141
297 48 328
297 48 39 242
297 39 356
2118 525
2118 41 110
2118 32 118
2118 39 311
2118 39 48 232
2118 48 341
704 526
704 32 97
704 41 120
704 39 279
704 39 48 191
704 48 307
208 529
208 32 100
208 41 210
208 41 48 149
208 41 48 39 124
208 41 39 165
208 39 326
208 39 48 222
208 48 330
56 535
56 41 119
56 41 39 95
56 41 38 116
56 32 121
56 32 38 117
56 48 309
56 48 39 226
56 48 39 38 219
56 48 38 295
56 39 364
56 39 38 352
56 38 514
12946 535
12946 32 97
12946 48 286
12946 48 39 212
12946 39 339
1417 536
1417 32 101
1417 41 109
1417 48 315
1417 48 39 217
1417 39 321
30 540
30 31 97
30 38 100
30 32 105
30 41 128
30 41 48 96
30 41 39 100
30 48 298
30 48 39 218
30 39 344
961 540
961 548 104
961 1067 111
961 549 115
961 41 127
961 41 48 98
961 41 39 104
961 32 131
961 107 140
961 48 327
961 48 39 240
961 39 331
62 543
62 41 102
62 32 107
62 39 281
62 39 48 198
62 48 314
916 543
916 38 105
916 41 125
916 41 39 106
916 48 311
916 48 39 241
916 39 350
913 543
913 32 109
913 41 137
913 41 48 101
913 41 39 108
913 48 320
913 48 39 232
913 39 336
155 546
155 272 98
155 41 103
155 48 314
155 48 39 214
155 39 347
2 549
2 38 105
2 48 268
2 48 39 186
2 39 324
1043 551
1043 41 107
1043 38 108
1043 237 117
1043 32 145
1043 48 306
1043 48 39 229
1043 39 342
2383 569
2383 38 114
2383 38 39 95
2383 32 118
2383 41 120
2383 48 356
2383 48 39 270
2383 39 377
1239 569
1239 32 105
1239 41 122
1239 41 39 95
1239 48 346
1239 48 39 239
1239 39 350
878 570
878 65 98
878 32 104
878 41 144
878 41 39 114
878 48 310
878 48 39 231
878 39 344
2437 571
2437 38 120
2437 32 124
2437 41 154
2437 41 48 114
2437 41 39 118
2437 39 308
2437 39 48 215
2437 48 346
1872 572
1872 32 126
1872 41 162
1872 41 48 111
1872 41 39 112
1872 39 331
1872 39 48 213
1872 48 333
581 574
581 41 113
581 32 113
581 48 353
581 48 39 264
581 39 368
885 576
885 38 94
885 32 107
885 41 110
885 809 119
885 441 139
885 48 307
885 48 39 222
885 39 354
267 584
267 32 114
267 41 133
267 41 48 94
267 41 39 112
267 38 153
267 38 48 104
267 38 39 108
267 48 368
267 48 39 292
267 39 407
1067 584
1067 38 98
1067 548 108
1067 549 119
1067 41 145
1067 41 48 110
1067 41 39 117
1067 32 148
1067 32 39 97
1067 32 48 98
1067 107 171
1067 107 48 106
1067 39 332
1067 39 48 251
1067 48 369
374 584
374 38 97
374 32 101
374 41 156
374 41 48 104
374 41 39 128
374 48 340
374 48 39 250
374 39 376
4336 589
4336 32 119
4336 41 134
4336 41 39 104
4336 48 330
4336 48 39 230
4336 39 345
1715 590
1715 32 156
1715 32 48 98
1715 32 39 98
1715 41 186
1715 41 48 127
1715 41 48 39 108
1715 41 39 149
1715 48 350
1715 48 39 235
1715 39 356
947 591
947 32 111
947 41 129
947 48 324
947 48 39 207
947 39 324
846 595
846 38 103
846 32 130
846 41 180
846 41 48 104
846 41 39 144
846 48 297
846 48 39 197
846 39 328
150 597
150 65 94
150 32 94
150 38 97
150 41 119
150 41 39 97
150 48 353
150 48 39 255
150 39 364
2199 597
2199 38 112
2199 32 138
2199 32 48 98
2199 41 147
2199 41 48 105
2199 41 39 113
2199 39 349
2199 39 48 266
2199 48 383
1144 599
1144 38 115
1144 41 116
1144 32 139
1144 249 189
1144 249 48 100
1144 249 39 111
1144 48 336
1144 48 39 234
1144 39 344
1783 600
1783 32 102
1783 41 150
1783 41 48 106
1783 41 39 112
1783 48 335
1783 48 39 240
1783 39 372
420 600
420 32 110
420 41 132
420 41 39 95
420 48 311
420 48 39 214
420 39 340
675 601
675 38 104
675 32 118
675 41 129
675 41 39 105
675 48 374
675 48 39 291
675 39 414
425 606
425 32 107
425 41 116
425 39 396
425 39 48 299
425 48 408
8978 606
8978 16011 104
8978 16011 16010 101
8978 38 123
8978 32 137
8978 32 39 102
8978 16010 195
8978 16010 41 101
8978 16010 48 123
8978 16010 48 39 101
8978 16010 39 147
8978 41 290
8978 41 48 196
8978 41 48 39 172
8978 41 39 243
8978 48 344
8978 48 39 276
8978 39 433
441 609
441 41 97
441 32 100
441 38 102
441 809 126
441 48 341
441 48 39 260
441 39 393
209 611
209 41 98
209 32 115
209 48 312
209 48 39 207
209 39 323
15618 614
15618 38 117
15618 32 128
15618 41 179
15618 41 48 120
15618 41 48 39 100
15618 41 39 133
15618 48 323
15618 48 39 222
15618 39 352
1986 614
1986 32 109
1986 38 142
1986 38 39 114
1986 41 148
1986 41 48 98
1986 41 39 124
1986 48 346
1986 48 39 264
1986 39 413
10446 618
10446 41 133
10446 41 39 108
10446 32 141
10446 48 345
10446 48 39 246
10446 39 368
251 621
251 38 116
251 41 126
251 41 39 101
251 32 143
251 48 338
251 48 39 220
251 39 349
2046 625
2046 38 99
2046 32 125
2046 41 128
2046 41 39 106
2046 48 305
2046 48 39 217
2046 39 333
809 626
809 32 132
809 41 134
809 41 48 100
809 41 39 105
809 48 373
809 48 39 290
809 39 404
865 632
865 38 97
865 41 131
865 32 140
865 32 48 96
865 39 382
865 39 48 272
865 48 390
279 633
279 38 122
279 38 39 97
279 32 143
279 32 39 97
279 41 154
279 41 48 100
279 41 39 119
279 48 383
279 48 39 279
279 39 401
340 643
340 32 121
340 38 124
340 41 165
340 41 48 115
340 41 39 123
340 39 396
340 39 48 281
340 48 407
789 648
789 38 99
789 32 161
789 32 48 101
789 32 39 115
789 41 192
789 41 48 137
789 41 48 39 124
789 41 39 158
789 48 421
789 48 39 327
789 39 447
272 650
272 32 125
272 38 126
272 38 39 99
272 41 129
272 41 39 111
272 48 380
272 48 39 283
272 39 446
3616 654
3616 38 135
3616 38 39 100
3616 32 157
3616 32 48 94
3616 41 204
3616 41 1146 99
3616 41 48 129
3616 41 48 39 105
3616 41 39 157
3616 1146 293
3616 1146 48 167
3616 1146 48 39 117
3616 1146 39 189
3616 48 376
3616 48 39 270
3616 39 419
105 657
105 32 142
105 32 39 99
105 32 39 38 98
105 32 38 136
105 41 150
105 41 48 104
105 41 48 38 103
105 41 39 120
105 41 39 38 119
105 41 38 147
105 48 372
105 48 39 291
105 48 39 38 290
105 48 38 367
105 39 455
105 39 38 449
105 38 643
1198 660
1198 32 147
1198 32 39 99
1198 41 214
1198 41 48 150
1198 41 48 39 127
1198 41 39 170
1198 48 376
1198 48 39 277
1198 39 407
186 660
186 41 145
186 41 48 114
186 41 48 39 100
186 41 39 118
186 32 151
186 32 39 103
186 32 48 108
186 39 413
186 39 48 305
186 48 417
1135 667
1135 38 150
1135 38 39 111
1135 38 39 48 99
1135 38 48 129
1135 41 154
1135 41 39 124
1135 41 39 48 113
1135 41 48 136
1135 32 193
1135 32 39 134
1135 32 39 48 120
1135 32 48 162
1135 39 458
1135 39 48 386
1135 48 541
16011 669
16011 38 112
16011 38 16010 111
16011 32 146
16011 32 48 104
16011 32 48 16010 100
16011 32 16010 142
16011 41 244
16011 41 48 165
16011 41 48 39 136
16011 41 48 39 16010 133
16011 41 48 16010 159
16011 41 39 194
16011 41 39 16010 190
16011 41 16010 236
16011 48 374
16011 48 39 275
16011 48 39 16010 269
16011 48 16010 362
16011 39 427
16011 39 16010 419
16011 16010 651
396 674
396 38 114
396 32 134
396 41 180
396 41 48 116
396 41 48 39 96
396 41 39 134
396 48 378
396 48 39 278
396 39 436
379 677
379 32 110
379 38 120
379 41 136
379 41 39 104
379 48 348
379 48 39 253
379 39 429
259 684
259 32 113
259 41 154
259 41 48 99
259 41 39 109
259 39 374
259 39 48 255
259 48 380
1814 688
1814 32 129
1814 38 130
1814 38 48 95
1814 38 39 108
1814 41 152
1814 41 39 111
1814 41 48 113
1814 48 451
1814 48 39 344
1814 39 471
449 690
449 38 114
449 41 150
449 41 48 96
449 41 39 109
449 32 154
449 32 48 99
449 39 372
449 39 48 239
449 48 382
260 691
260 32 124
260 41 140
260 41 39 114
260 38 155
260 38 39 111
260 48 379
260 48 39 271
260 39 428
407 693
407 65 106
407 38 109
407 32 126
407 41 153
407 41 48 116
407 41 48 39 96
407 41 39 118
407 39 418
407 39 48 304
407 48 422
464 695
464 65 100
464 38 104
464 32 122
464 41 194
464 41 48 135
464 41 48 39 108
464 41 39 142
464 39 412
464 39 48 289
464 48 422
269 701
269 38 139
269 38 48 99
269 38 39 108
269 32 146
269 32 48 98
269 32 39 106
269 41 154
269 41 48 110
269 41 39 115
269 48 439
269 48 39 310
269 39 441
55 704
55 32 97
55 41 175
55 41 48 105
55 41 48 39 95
55 41 48 38 103
55 41 39 145
55 41 39 38 141
55 41 38 171
55 48 325
55 48 39 251
55 48 39 38 243
55 48 38 309
55 39 452
55 39 38 422
55 38 657
681 704
681 38 127
681 38 39 99
681 32 134
681 41 156
681 41 48 103
681 41 39 120
681 48 378
681 48 39 275
681 39 422
11 711
11 38 126
11 38 39 99
11 32 132
11 32 39 96
11 41 197
11 41 48 148
11 41 48 39 127
11 41 39 166
11 48 463
11 48 39 346
11 39 472
10 712
10 32 107
10 38 109
10 41 134
10 41 48 106
10 41 39 112
10 48 427
10 48 39 322
10 39 452
535 718
535 38 112
535 32 130
535 41 173
535 41 48 108
535 41 39 130
535 39 400
535 39 48 275
535 48 409
488 720
488 38 119
488 41 145
488 41 48 102
488 41 39 103
488 32 155
488 32 48 103
488 39 389
488 39 48 287
488 48 432
806 741
806 225 105
806 32 138
806 32 39 101
806 41 176
806 41 48 102
806 41 39 136
806 175 195
806 175 48 96
806 175 39 128
806 38 216
806 38 48 117
806 38 39 135
806 48 396
806 48 39 302
806 39 493
12929 742
12929 41 124
12929 38 147
12929 38 48 94
12929 38 39 111
12929 32 171
12929 32 39 113
12929 32 48 114
12929 48 430
12929 48 39 320
12929 39 470
664 752
664 41 134
664 41 39 105
664 32 140
664 38 172
664 38 48 97
664 38 39 127
664 48 387
664 48 39 296
664 39 481
772 752
772 38 108
772 41 147
772 41 48 102
772 41 39 113
772 32 166
772 32 39 101
772 32 48 105
772 39 406
772 39 48 275
772 48 442
1344 753
1344 32 172
1344 32 39 111
1344 32 48 114
1344 38 188
1344 38 48 108
1344 38 39 141
1344 41 258
1344 41 48 166
1344 41 48 39 146
1344 41 39 213
1344 48 427
1344 48 39 314
1344 39 485
23 758
23 101 97
23 65 98
23 38 107
23 32 123
23 41 182
23 41 48 112
23 41 48 39 99
23 41 39 150
23 48 416
23 48 39 322
23 39 512
1435 765
1435 38 100
1435 32 136
1435 41 143
1435 41 48 105
1435 41 48 39 95
1435 41 39 118
1435 48 433
1435 48 39 307
1435 39 459
107 765
107 38 141
107 38 48 105
107 38 39 108
107 548 147
107 548 39 98
107 548 48 104
107 32 163
107 32 39 97
107 32 48 103
107 41 176
107 41 48 129
107 41 48 39 111
107 41 39 140
107 549 181
107 549 48 107
107 39 426
107 39 48 322
107 48 467
334 774
334 38 110
334 41 121
334 41 39 105
334 32 141
334 32 39 94
334 48 443
334 48 39 333
334 39 506
371 782
371 32 121
371 32 38 121
371 41 172
371 41 48 101
371 41 48 38 101
371 41 39 137
371 41 39 38 136
371 41 38 171
371 48 369
371 48 39 295
371 48 39 38 294
371 48 38 365
371 39 532
371 39 38 526
371 38 767
570 792
570 38 145
570 38 48 99
570 38 39 121
570 32 153
570 32 48 103
570 32 39 111
570 41 204
570 41 48 152
570 41 48 39 137
570 41 39 173
570 48 514
570 48 39 404
570 39 558
766 797
766 38 102
766 32 128
766 41 173
766 41 48 120
766 41 48 39 103
766 41 39 135
766 39 470
766 39 48 335
766 48 489
1600 801
1600 38 120
1600 38 39 94
1600 32 166
1600 32 39 107
1600 41 197
1600 41 48 121
1600 41 48 39 102
1600 41 39 148
1600 48 444
1600 48 39 307
1600 39 474
703 806
703 38 112
703 41 132
703 41 39 105
703 32 133
703 39 453
703 39 48 302
703 48 467
103 812
103 389 96
103 41 172
103 41 48 110
103 41 48 39 95
103 41 39 130
103 32 191
103 32 48 101
103 32 39 109
103 38 207
103 38 48 116
103 38 39 141
103 48 431
103 48 39 321
103 39 512
976 817
976 38 118
976 32 142
976 41 184
976 41 48 122
976 41 48 39 99
976 41 39 137
976 117 312
976 117 39 161
976 117 39 48 106
976 117 48 169
976 48 456
976 48 39 325
976 39 471
229 820
229 65 94
229 41 188
229 41 48 144
229 41 48 39 121
229 41 39 149
229 32 190
229 32 39 119
229 32 39 48 94
229 32 48 134
229 38 196
229 38 48 144
229 38 48 39 116
229 38 39 146
229 39 503
229 39 48 382
229 48 545
812 821
812 38 99
812 41 157
812 41 48 104
812 41 39 120
812 32 182
812 32 39 101
812 32 48 117
812 48 463
812 48 39 310
812 39 471
156 830
156 32 146
156 32 39 100
156 41 160
156 41 48 110
156 41 48 39 96
156 41 39 125
156 38 178
156 38 48 116
156 38 48 39 102
156 38 39 139
156 48 473
156 48 39 377
156 39 582
389 831
389 41 191
389 41 48 124
389 41 48 39 109
389 41 39 155
389 32 197
389 32 48 114
389 32 39 132
389 38 211
389 38 48 119
389 38 39 146
389 48 422
389 48 39 323
389 39 544
549 843
549 38 111
549 548 154
549 548 48 99
549 41 196
549 41 48 140
549 41 48 39 116
549 41 39 151
549 32 198
549 32 39 120
549 32 48 130
549 39 492
549 39 48 355
549 48 513
544 851
544 38 112
544 32 149
544 32 39 97
544 41 197
544 41 48 138
544 41 48 39 117
544 41 39 158
544 48 504
544 48 39 348
544 39 524
649 857
649 32 146
649 32 39 96
649 38 151
649 38 48 103
649 38 39 123
649 41 197
649 41 48 135
649 41 48 39 110
649 41 39 145
649 48 490
649 48 39 350
649 39 531
18 860
18 38 130
18 38 39 104
18 32 184
18 32 48 117
18 32 39 126
18 41 198
18 41 48 138
18 41 48 39 115
18 41 39 157
18 48 465
18 48 39 330
18 39 540
76 869
76 38 144
76 38 39 107
76 32 155
76 32 48 100
76 32 39 106
76 41 217
76 41 48 154
76 41 48 39 121
76 41 39 172
76 48 485
76 48 39 345
76 39 529
1578 874
1578 38 169
1578 38 48 96
1578 38 39 124
1578 41 170
1578 41 48 118
1578 41 48 39 104
1578 41 39 137
1578 32 174
1578 32 48 102
1578 32 39 124
1578 48 469
1578 48 39 350
1578 39 576
405 879
405 38 131
405 38 39 100
405 41 158
405 41 48 106
405 41 39 122
405 32 165
405 32 39 117
405 10515 294
405 10515 48 160
405 10515 48 39 124
405 10515 39 178
405 39 500
405 39 48 340
405 48 525
10515 882
10515 65 108
10515 38 114
10515 32 163
10515 32 48 102
10515 32 39 110
10515 41 172
10515 41 48 125
10515 41 48 39 102
10515 41 39 129
10515 48 524
10515 48 39 373
10515 39 528
264 895
264 32 155
264 32 48 101
264 32 39 107
264 41 204
264 41 48 158
264 41 48 39 134
264 41 39 167
264 38 251
264 38 48 157
264 38 48 39 121
264 38 39 177
264 48 534
264 48 39 403
264 39 599
2958 904
2958 38 185
2958 38 39 145
2958 38 39 48 128
2958 38 48 163
2958 32 189
2958 32 39 126
2958 32 39 48 120
2958 32 48 173
2958 41 217
2958 41 39 169
2958 41 39 48 160
2958 41 48 201
2958 39 655
2958 39 48 570
2958 48 779
45 911
45 32 116
45 38 165
45 38 48 94
45 38 39 111
45 41 172
45 41 48 109
45 41 39 131
45 48 492
45 48 39 361
45 39 559
956 911
956 38 162
956 38 48 110
956 38 39 125
956 32 209
956 32 48 134
956 32 48 39 105
956 32 39 146
956 41 225
956 41 48 152
956 41 48 39 123
956 41 39 170
956 48 540
956 48 39 405
956 39 600
242 911
242 41 119
242 41 39 98
242 32 134
242 38 200
242 38 48 100
242 38 39 137
242 48 399
242 48 39 300
242 39 564
31 920
31 237 95
31 38 165
31 38 48 95
31 38 39 118
31 32 185
31 32 48 109
31 32 39 125
31 41 207
31 41 48 134
31 41 48 39 105
31 41 39 162
31 48 493
31 48 39 336
31 39 538
479 926
479 65 110
479 38 139
479 38 39 96
479 32 167
479 32 48 98
479 32 39 104
479 41 203
479 41 48 131
479 41 48 39 102
479 41 39 154
479 48 513
479 48 39 358
479 39 580
3270 950
3270 38 174
3270 38 39 129
3270 38 39 48 105
3270 38 48 129
3270 32 175
3270 32 39 107
3270 32 48 116
3270 41 214
3270 41 39 159
3270 41 39 48 126
3270 41 48 160
3270 39 576
3270 39 48 416
3270 48 592
783 965
783 65 124
783 38 154
783 38 48 104
783 38 39 123
783 32 194
783 32 48 119
783 32 48 39 94
783 32 39 138
783 41 201
783 41 48 139
783 41 48 39 120
783 41 39 161
783 48 583
783 48 39 439
783 39 640
175 970
175 13041 140
175 13041 39 107
175 225 142
175 225 39 112
175 32 198
175 32 48 107
175 32 39 120
175 38 272
175 38 48 120
175 38 39 166
175 41 293
175 41 48 188
175 41 48 39 166
175 41 39 239
175 48 493
175 48 39 383
175 39 631
522 974
522 38 129
522 38 39 102
522 32 180
522 32 48 113
522 32 39 115
522 41 214
522 41 48 143
522 41 48 39 119
522 41 39 168
522 48 582
522 48 39 425
522 39 648
258 987
258 65 97
258 38 162
258 38 39 116
258 38 39 48 95
258 38 48 121
258 32 194
258 32 48 126
258 32 48 39 95
258 32 39 137
258 41 254
258 41 48 193
258 41 48 39 163
258 41 39 205
258 39 628
258 39 48 452
258 48 643
179 998
179 301 123
179 147 143
179 38 162
179 38 48 107
179 38 39 124
179 41 224
179 41 48 161
179 41 48 39 139
179 41 39 184
179 32 228
179 32 48 160
179 32 48 39 117
179 32 39 162
179 48 624
179 48 39 452
179 39 653
19 1005
19 38 141
19 38 48 94
19 38 39 99
19 32 180
19 32 39 104
19 32 48 112
19 41 202
19 41 48 139
19 41 48 39 113
19 41 39 144
19 48 591
19 48 39 402
19 39 592
161 1010
161 32 188
161 32 39 107
161 41 210
161 41 48 128
161 41 48 39 104
161 41 39 168
161 38 218
161 38 48 116
161 38 48 39 94
161 38 39 159
161 48 517
161 48 39 356
161 39 622
117 1026
117 65 101
117 38 132
117 32 193
117 32 39 125
117 32 39 48 97
117 32 48 140
117 41 264
117 41 48 168
117 41 48 39 134
117 41 39 189
117 39 554
117 39 48 378
117 48 601
13041 1051
13041 89 107
13041 413 110
13041 38 183
13041 38 48 110
13041 38 39 132
13041 32 225
13041 32 41 101
13041 32 48 142
13041 32 48 39 104
13041 32 39 144
13041 41 390
13041 41 48 264
13041 41 48 39 219
13041 41 39 311
13041 48 602
13041 48 39 444
13041 39 688
78 1060
78 89 121
78 89 48 109
78 41 201
78 41 39 164
78 41 39 48 136
78 41 48 167
78 38 219
78 38 48 171
78 38 48 39 141
78 38 39 181
78 32 232
78 32 39 161
78 32 39 48 132
78 32 48 183
78 39 774
78 39 48 610
78 48 824
37 1074
37 32 186
37 32 48 122
37 32 48 39 101
37 32 48 38 122
37 32 48 38 39 101
37 32 39 137
37 32 39 38 137
37 32 38 185
37 41 247
37 41 48 172
37 41 48 39 151
37 41 48 38 172
37 41 48 38 39 151
37 41 39 203
37 41 39 38 202
37 41 38 246
37 48 565
37 48 39 440
37 48 39 38 433
37 48 38 557
37 39 707
37 39 38 684
37 38 1046
1004 1102
1004 413 94
1004 38 177
1004 38 48 103
1004 38 39 119
1004 41 198
1004 41 48 130
1004 41 48 39 101
1004 41 39 138
1004 32 285
1004 32 39 167
1004 32 39 48 109
1004 32 48 167
1004 39 583
1004 39 48 381
1004 48 614
677 1110
677 38 173
677 38 39 108
677 38 48 111
677 41 229
677 41 48 166
677 41 48 39 130
677 41 39 175
677 32 266
677 32 39 150
677 32 39 48 110
677 32 48 179
677 39 635
677 39 48 446
677 48 666
589 1119
589 89 94
589 65 120
589 38 170
589 38 39 124
589 41 217
589 41 48 138
589 41 48 39 105
589 41 39 158
589 32 228
589 32 48 136
589 32 48 39 96
589 32 39 147
589 48 628
589 48 39 443
589 39 708
49 1120
49 32 205
49 32 39 150
49 32 39 48 129
49 32 48 168
49 41 220
49 41 39 172
49 41 39 48 142
49 41 48 177
49 38 224
49 38 39 172
49 38 39 48 139
49 38 48 176
49 39 768
49 39 48 617
49 48 843
201 1133
201 89 103
201 101 108
201 38 147
201 38 39 99
201 38 48 105
201 65 163
201 65 48 97
201 65 39 106
201 32 184
201 32 39 120
201 32 48 120
201 41 253
201 41 48 183
201 41 48 39 142
201 41 39 185
201 39 669
201 39 48 451
201 48 674
548 1137
548 38 206
548 38 48 141
548 38 48 39 113
548 38 39 143
548 41 242
548 41 48 176
548 41 48 39 145
548 41 39 182
548 32 280
548 32 48 170
548 32 48 39 128
548 32 39 171
548 48 658
548 48 39 467
548 39 663
15832 1143
15832 38 162
15832 38 48 99
15832 38 39 117
15832 32 231
15832 32 41 99
15832 32 48 134
15832 32 48 39 106
15832 32 39 155
15832 41 421
15832 41 48 260
15832 41 48 39 220
15832 41 39 322
15832 48 585
15832 48 39 436
15832 39 718
249 1160
249 65 105
249 237 175
249 237 48 104
249 237 39 117
249 32 216
249 32 39 128
249 32 39 48 96
249 32 48 132
249 41 258
249 41 38 94
249 41 48 183
249 41 48 39 155
249 41 39 209
249 38 269
249 38 48 167
249 38 48 39 149
249 38 39 207
249 48 675
249 48 39 510
249 39 752
1393 1161
1393 89 94
1393 65 102
1393 38 203
1393 38 48 137
1393 38 48 39 113
1393 38 39 162
1393 41 215
1393 41 48 151
1393 41 48 39 137
1393 41 39 180
1393 32 231
1393 32 48 153
1393 32 48 39 115
1393 32 39 160
1393 48 669
1393 48 39 507
1393 39 789
16217 1166
16217 38 193
16217 38 41 101
16217 38 48 116
16217 38 39 135
16217 32 204
16217 32 48 122
16217 32 39 122
16217 41 433
16217 41 48 287
16217 41 48 39 234
16217 41 39 335
16217 48 647
16217 48 39 463
16217 39 728
740 1181
740 32 167
740 41 206
740 41 48 112
740 41 48 39 95
740 41 39 163
740 38 221
740 38 48 99
740 38 39 158
740 48 520
740 48 39 392
740 39 759
286 1183
286 32 229
286 32 48 128
286 32 48 39 101
286 32 48 39 38 100
286 32 48 38 127
286 32 39 144
286 32 39 38 143
286 32 38 222
286 41 268
286 41 48 160
286 41 48 39 134
286 41 48 39 38 131
286 41 48 38 157
286 41 39 208
286 41 39 38 203
286 41 38 259
286 48 591
286 48 39 464
286 48 39 38 458
286 48 38 581
286 39 750
286 39 38 728
286 38 1116
301 1204
301 101 120
301 38 140
301 38 48 94
301 38 39 104
301 65 144
301 41 256
301 41 48 172
301 41 48 39 141
301 41 39 194
301 32 279
301 32 39 184
301 32 39 48 137
301 32 48 188
301 48 658
301 48 39 473
301 39 715
604 1209
604 101 103
604 60 107
604 65 126
604 38 195
604 38 48 127
604 38 48 39 105
604 38 39 155
604 32 224
604 32 48 139
604 32 48 39 104
604 32 39 144
604 41 286
604 41 48 199
604 41 48 39 171
604 41 39 236
604 48 687
604 48 39 520
604 39 775
824 1210
824 101 112
824 65 112
824 38 172
824 38 48 116
824 38 39 121
824 32 262
824 32 39 144
824 32 39 48 99
824 32 48 166
824 41 320
824 41 48 218
824 41 48 39 172
824 41 39 238
824 48 701
824 48 39 471
824 39 703
592 1227
592 65 105
592 89 117
592 38 185
592 38 48 137
592 38 48 39 113
592 38 39 145
592 32 257
592 32 48 163
592 32 48 39 128
592 32 39 173
592 41 303
592 41 48 206
592 41 48 39 170
592 41 39 235
592 39 723
592 39 48 515
592 48 743
338 1274
338 89 110
338 89 48 95
338 65 119
338 38 184
338 38 48 127
338 38 48 39 100
338 38 39 133
338 32 229
338 32 39 145
338 32 39 48 114
338 32 48 163
338 41 256
338 41 48 173
338 41 48 39 138
338 41 39 187
338 39 742
338 39 48 516
338 48 779
14098 1291
14098 310 101
14098 16010 104
14098 89 106
14098 65 108
14098 41 170
14098 41 48 128
14098 41 48 39 110
14098 41 39 139
14098 38 181
14098 38 48 110
14098 38 48 39 102
14098 38 39 145
14098 32 224
14098 32 48 141
14098 32 48 39 101
14098 32 39 149
14098 48 698
14098 48 39 540
14098 39 801
123 1302
123 65 95
123 38 201
123 38 39 128
123 38 48 129
123 41 236
123 41 39 168
123 41 39 48 123
123 41 48 168
123 32 252
123 32 39 151
123 32 39 48 101
123 32 48 151
123 39 726
123 39 48 509
123 48 797
16010 1316
16010 38 221
16010 38 41 116
16010 38 48 130
16010 38 48 39 108
16010 38 39 159
16010 32 281
16010 32 41 111
16010 32 39 180
16010 32 39 48 136
16010 32 48 190
16010 41 467
16010 41 48 315
16010 41 48 39 261
16010 41 39 368
16010 48 730
16010 48 39 529
16010 39 829
9 1372
9 310 96
9 101 97
9 89 110
9 65 136
9 38 198
9 38 48 129
9 38 48 39 106
9 38 39 153
9 32 250
9 32 48 155
9 32 48 39 109
9 32 39 155
9 41 307
9 41 48 231
9 41 48 39 191
9 41 39 239
9 48 790
9 48 39 546
9 39 832
185 1376
185 38 217
185 38 48 150
185 38 48 39 121
185 38 39 165
185 32 289
185 32 39 183
185 32 39 48 128
185 32 48 184
185 41 298
185 41 48 210
185 41 48 39 168
185 41 39 223
185 48 816
185 48 39 555
185 39 828
1146 1426
1146 65 98
1146 310 107
1146 225 132
1146 225 39 102
1146 38 306
1146 38 41 109
1146 38 48 181
1146 38 48 39 148
1146 38 39 239
1146 32 340
1146 32 41 139
1146 32 41 39 98
1146 32 48 211
1146 32 48 39 143
1146 32 39 216
1146 41 501
1146 41 48 313
1146 41 48 39 260
1146 41 39 391
1146 48 811
1146 48 39 623
1146 39 983
12925 1467
12925 89 94
12925 65 102
12925 41 154
12925 41 48 104
12925 41 39 132
12925 32 232
12925 32 39 132
12925 32 39 48 94
12925 32 48 146
12925 38 294
12925 38 48 175
12925 38 48 39 147
12925 38 39 230
12925 48 817
12925 48 39 588
12925 39 938
255 1474
255 101 97
255 65 132
255 65 39 101
255 65 48 102
255 38 267
255 38 41 102
255 38 48 198
255 38 48 39 170
255 38 39 216
255 32 321
255 32 39 230
255 32 39 48 189
255 32 48 243
255 41 332
255 41 48 271
255 41 48 39 230
255 41 39 274
255 48 1057
255 48 39 813
255 39 1057
533 1487
533 65 107
533 237 112
533 89 120
533 89 48 94
533 89 39 94
533 38 235
533 38 48 170
533 38 48 39 143
533 38 39 178
533 32 300
533 32 48 179
533 32 48 39 126
533 32 39 182
533 41 336
533 41 48 248
533 41 48 39 215
533 41 39 275
533 48 861
533 48 39 632
533 39 922
60 1489
60 310 118
60 89 143
60 89 39 108
60 89 48 111
60 65 176
60 65 48 96
60 65 39 111
60 38 193
60 38 48 125
60 38 48 39 105
60 38 39 154
60 32 262
60 32 48 156
60 32 48 39 123
60 32 39 181
60 41 264
60 41 48 161
60 41 48 39 142
60 41 39 219
60 48 815
60 48 39 609
60 39 983
79 1600
79 65 100
79 225 134
79 225 39 109
79 38 313
79 38 41 102
79 38 48 193
79 38 48 39 152
79 38 39 231
79 32 384
79 32 41 127
79 32 41 48 95
79 32 48 231
79 32 48 39 174
79 32 39 244
79 41 499
79 41 48 332
79 41 48 39 270
79 41 39 378
79 48 893
79 48 39 699
79 39 1111
2238 1715
2238 65 123
2238 65 39 94
2238 270 264
2238 270 271 105
2238 270 48 144
2238 270 48 39 120
2238 270 39 194
2238 271 282
2238 271 48 153
2238 271 48 39 125
2238 271 39 221
2238 32 358
2238 32 41 114
2238 32 48 203
2238 32 48 39 158
2238 32 39 257
2238 225 405
2238 225 41 117
2238 225 41 39 104
2238 225 48 219
2238 225 48 39 196
2238 225 39 317
2238 38 407
2238 38 41 143
2238 38 41 48 96
2238 38 41 39 120
2238 38 48 247
2238 38 48 39 203
2238 38 39 308
2238 41 570
2238 41 48 371
2238 41 48 39 322
2238 41 39 472
2238 48 955
2238 48 39 788
2238 39 1287
270 1734
270 225 295
270 225 271 140
270 225 271 39 111
270 225 48 175
270 225 48 39 153
270 225 39 236
270 38 390
270 38 32 96
270 38 41 113
270 38 271 149
270 38 271 48 96
270 38 271 39 112
270 38 48 239
270 38 48 39 196
270 38 39 291
270 32 437
270 32 41 140
270 32 41 39 101
270 32 271 146
270 32 271 39 98
270 32 48 265
270 32 48 39 193
270 32 39 276
270 41 508
270 41 271 219
270 41 271 48 124
270 41 271 48 39 104
270 41 271 39 179
270 41 48 315
270 41 48 39 258
270 41 39 399
270 271 680
270 271 48 369
270 271 48 39 284
270 271 39 484
270 48 957
270 48 39 733
270 39 1194
147 1779
147 475 97
147 413 108
147 89 117
147 101 128
147 65 158
147 65 48 101
147 65 39 104
147 38 328
147 38 41 114
147 38 41 39 96
147 38 48 215
147 38 48 39 176
147 38 39 253
147 32 359
147 32 41 120
147 32 41 39 98
147 32 48 223
147 32 48 39 163
147 32 39 249
147 41 438
147 41 48 280
147 41 48 39 234
147 41 39 336
147 48 1036
147 48 39 742
147 39 1137
1327 1786
1327 65 137
1327 32 323
1327 32 41 98
1327 32 48 187
1327 32 48 39 142
1327 32 39 209
1327 38 347
1327 38 41 150
1327 38 41 48 96
1327 38 41 39 135
1327 38 48 198
1327 38 48 39 170
1327 38 39 274
1327 41 459
1327 41 48 307
1327 41 48 39 260
1327 41 39 380
1327 48 968
1327 48 39 720
1327 39 1156
438 1863
438 65 102
438 170 103
438 170 38 103
438 32 349
438 32 48 227
438 32 48 39 177
438 32 39 244
438 38 389
438 38 48 211
438 38 48 39 164
438 38 39 272
438 41 428
438 41 48 296
438 41 48 39 265
438 41 39 365
438 48 1025
438 48 39 780
438 39 1260
413 1880
413 310 95
413 237 99
413 225 99
413 89 123
413 89 39 94
413 89 48 108
413 101 167
413 101 48 101
413 65 176
413 65 48 104
413 65 39 106
413 38 297
413 38 41 100
413 38 48 213
413 38 48 39 170
413 38 39 221
413 32 326
413 32 41 94
413 32 48 216
413 32 48 39 156
413 32 39 217
413 41 414
413 41 48 287
413 41 48 39 228
413 41 39 318
413 39 1130
413 39 48 781
413 48 1135
271 2094
271 89 98
271 65 168
271 65 39 106
271 65 48 111
271 38 392
271 38 41 99
271 38 32 101
271 38 48 232
271 38 48 39 188
271 38 39 290
271 225 395
271 225 41 115
271 225 41 39 99
271 225 48 220
271 225 48 39 183
271 225 39 309
271 32 470
271 32 41 151
271 32 41 39 118
271 32 48 256
271 32 48 39 188
271 32 39 310
271 41 584
271 41 48 346
271 41 48 39 272
271 41 39 451
271 48 1090
271 48 39 827
271 39 1434
475 2167
475 225 99
475 101 110
475 89 153
475 89 48 121
475 89 48 39 102
475 89 39 129
475 65 168
475 65 48 115
475 65 39 120
475 237 179
475 237 39 121
475 237 39 48 95
475 237 48 126
475 38 393
475 38 41 136
475 38 41 48 108
475 38 41 48 39 95
475 38 41 39 116
475 38 48 290
475 38 48 39 243
475 38 39 308
475 32 447
475 32 41 143
475 32 41 48 111
475 32 41 39 119
475 32 48 308
475 32 48 39 234
475 32 39 313
475 41 570
475 41 48 428
475 41 48 39 372
475 41 39 476
475 48 1428
475 48 39 1092
475 39 1500
101 2237
101 237 130
101 310 138
101 310 48 94
101 310 39 101
101 89 191
101 89 39 137
101 89 39 48 110
101 89 48 150
101 65 230
101 65 48 127
101 65 39 138
101 38 345
101 38 41 123
101 38 41 39 100
101 38 48 229
101 38 48 39 181
101 38 39 254
101 32 412
101 32 41 114
101 32 48 256
101 32 48 39 182
101 32 39 270
101 41 476
101 41 48 330
101 41 48 39 264
101 41 39 368
101 48 1311
101 48 39 946
101 39 1400
310 2594
310 170 101
310 170 38 100
310 225 165
310 225 48 117
310 225 48 39 102
310 225 39 135
310 237 201
310 237 48 129
310 237 48 39 98
310 237 39 131
310 65 226
310 65 39 161
310 65 39 48 137
310 65 48 163
310 89 228
310 89 48 190
310 89 48 39 167
310 89 39 194
310 38 433
310 38 32 102
310 38 41 166
310 38 41 48 131
310 38 41 48 39 118
310 38 41 39 145
310 38 48 298
310 38 48 39 251
310 38 39 336
310 32 541
310 32 41 186
310 32 41 48 149
310 32 41 48 39 133
310 32 41 39 161
310 32 39 382
310 32 39 48 307
310 32 48 391
310 41 719
310 41 48 547
310 41 48 39 486
310 41 39 625
310 48 1692
310 48 39 1347
310 39 1852
110 2794
110 225 103
110 225 38 102
110 237 104
110 237 38 94
110 89 107
110 89 38 106
110 170 160
110 170 39 120
110 170 39 38 119
110 170 38 158
110 36 186
110 36 48 98
110 36 48 38 97
110 36 39 136
110 36 39 38 135
110 36 38 182
110 32 449
110 32 41 124
110 32 41 39 95
110 32 41 39 38 94
110 32 41 38 123
110 32 48 267
110 32 48 39 202
110 32 48 39 38 201
110 32 48 38 264
110 32 39 286
110 32 39 38 284
110 32 38 443
110 41 677
110 41 48 423
110 41 48 39 347
110 41 48 39 38 346
110 41 48 38 419
110 41 39 515
110 41 39 38 511
110 41 38 666
110 48 1380
110 48 39 1037
110 48 39 38 1031
110 48 38 1361
110 39 1759
110 39 38 1740
110 38 2725
36 2936
36 225 144
36 225 39 116
36 225 39 38 110
36 225 38 138
36 65 152
36 65 48 97
36 65 48 38 96
36 65 39 122
36 65 39 38 119
36 65 38 147
36 89 153
36 89 48 116
36 89 48 39 99
36 89 48 39 38 98
36 89 48 38 113
36 89 39 129
36 89 39 38 128
36 89 38 150
36 237 159
36 237 48 94
36 237 39 124
36 237 39 38 122
36 237 38 157
36 170 214
36 170 48 107
36 170 48 38 107
36 170 39 143
36 170 39 38 140
36 170 38 210
36 32 494
36 32 41 133
36 32 41 39 106
36 32 41 39 38 102
36 32 41 38 128
36 32 48 262
36 32 48 39 196
36 32 48 39 38 191
36 32 48 38 254
36 32 39 324
36 32 39 38 308
36 32 38 472
36 41 700
36 41 48 388
36 41 48 39 343
36 41 48 39 38 334
36 41 48 38 377
36 41 39 572
36 41 39 38 553
36 41 38 671
36 48 1416
36 48 39 1116
36 48 39 38 1080
36 48 38 1360
36 39 2037
36 39 38 1945
36 38 2790
237 3032
237 170 154
237 170 48 103
237 170 48 38 102
237 170 39 121
237 170 39 38 119
237 170 38 152
237 225 154
237 225 39 110
237 225 48 112
237 65 215
237 65 39 149
237 65 39 48 117
237 65 48 151
237 89 232
237 89 48 174
237 89 48 39 146
237 89 39 181
237 32 568
237 32 41 141
237 32 41 48 96
237 32 41 39 101
237 32 38 144
237 32 38 48 101
237 32 38 39 108
237 32 39 349
237 32 39 48 256
237 32 48 363
237 41 597
237 41 38 205
237 41 38 48 132
237 41 38 48 39 116
237 41 38 39 171
237 41 48 375
237 41 48 39 312
237 41 39 477
237 38 683
237 38 48 414
237 38 48 39 352
237 38 39 512
237 48 1682
237 48 39 1244
237 39 1929
170 3099
170 65 111
170 65 38 110
170 225 129
170 225 39 99
170 225 38 129
170 225 38 39 99
170 89 171
170 89 39 132
170 89 39 48 111
170 89 39 38 131
170 89 39 38 48 111
170 89 48 140
170 89 48 38 140
170 89 38 169
170 32 540
170 32 41 158
170 32 41 48 105
170 32 41 48 38 103
170 32 41 39 122
170 32 41 39 38 119
170 32 41 38 155
170 32 48 308
170 32 48 39 215
170 32 48 39 38 213
170 32 48 38 305
170 32 39 332
170 32 39 38 326
170 32 38 532
170 41 805
170 41 48 492
170 41 48 39 419
170 41 48 39 38 413
170 41 48 38 484
170 41 39 624
170 41 39 38 615
170 41 38 794
170 48 1557
170 48 39 1206
170 48 39 38 1193
170 48 38 1538
170 39 2059
170 39 38 2019
170 38 3031
225 3257
225 89 163
225 89 48 132
225 89 48 39 111
225 89 39 137
225 65 213
225 65 48 141
225 65 48 39 113
225 65 39 159
225 32 655
225 32 38 163
225 32 38 48 107
225 32 38 39 117
225 32 41 207
225 32 41 48 126
225 32 41 48 39 117
225 32 41 39 178
225 32 48 366
225 32 48 39 298
225 32 39 466
225 38 681
225 38 41 224
225 38 41 48 141
225 38 41 48 39 126
225 38 41 39 198
225 38 48 398
225 38 48 39 337
225 38 39 535
225 41 877
225 41 48 537
225 41 48 39 469
225 41 39 726
225 48 1736
225 48 39 1400
225 39 2351
89 3837
89 65 314
89 65 39 225
89 65 39 48 186
89 65 48 243
89 32 713
89 32 38 148
89 32 38 39 124
89 32 38 39 48 106
89 32 38 48 125
89 32 41 187
89 32 41 48 156
89 32 41 48 39 139
89 32 41 39 163
89 32 39 532
89 32 39 48 451
89 32 48 573
89 41 732
89 41 38 210
89 41 38 48 173
89 41 38 48 39 148
89 41 38 39 174
89 41 48 606
89 41 48 39 522
89 41 39 619
89 38 764
89 38 48 578
89 38 48 39 467
89 38 39 589
89 39 2749
89 39 48 2125
89 48 2798
65 4472
65 38 643
65 38 32 128
65 38 32 48 94
65 38 41 227
65 38 41 48 152
65 38 41 48 39 130
65 38 41 39 191
65 38 48 408
65 38 48 39 325
65 38 39 488
65 32 774
65 32 41 221
65 32 41 48 152
65 32 41 48 39 122
65 32 41 39 172
65 32 48 492
65 32 48 39 357
65 32 39 512
65 41 995
65 41 48 663
65 41 48 39 547
65 41 39 792
65 48 2529
65 48 39 1797
65 39 2787
41 14945
41 32 3196
41 32 38 805
41 32 38 48 540
41 32 38 48 39 448
41 32 38 39 622
41 32 48 2063
41 32 48 39 1646
41 32 39 2359
41 38 3897
41 38 48 2374
41 38 48 39 1991
41 38 39 3051
41 48 9018
41 48 39 7366
41 39 11414
32 15167
32 38 2833
32 38 48 1646
32 38 48 39 1236
32 38 39 1840
32 48 8034
32 48 39 5402
32 39 8455
38 15596
38 48 7944
38 48 39 6102
38 39 10345
48 42135
48 39 29142
39 50675
