39,48,29142,
39,41,11414,
39,38,10345,
48,41,9018,
39,32,8455,
48,32,8034,
48,38,7944,
39,48,41,7366,
39,48,38,6102,
39,48,32,5402,
38,41,3897,
32,41,3196,
39,38,41,3051,
38,170,3031,
38,32,2833,
48,89,2798,
38,36,2790,
39,65,2787,
39,89,2749,
38,110,2725,
48,65,2529,
48,38,41,2374,
39,32,41,2359,
39,225,2351,
39,48,89,2125,
48,32,41,2063,
39,170,2059,
39,36,2037,
39,38,170,2019,
39,48,38,41,1991,
39,38,36,1945,
39,237,1929,
39,310,1852,
39,38,32,1840,
39,48,65,1797,
39,110,1759,
39,38,110,1740,
48,225,1736,
48,310,1692,
48,237,1682,
39,48,32,41,1646,
48,38,32,1646,
48,170,1557,
48,38,170,1538,
39,475,1500,
39,271,1434,
48,475,1428,
48,36,1416,
39,101,1400,
39,48,225,1400,
48,110,1380,
48,38,110,1361,
48,38,36,1360,
39,48,310,1347,
48,101,1311,
39,2238,1287,
39,438,1260,
39,48,237,1244,
39,48,38,32,1236,
39,48,170,1206,
39,270,1194,
39,48,38,170,1193,
39,1327,1156,
39,147,1137,
48,413,1135,
39,413,1130,
38,286,1116,
39,48,36,1116,
39,79,1111,
39,48,475,1092,
48,271,1090,
39,48,38,36,1080,
48,255,1057,
39,255,1057,
38,37,1046,
39,48,110,1037,
48,147,1036,
39,48,38,110,1031,
48,438,1025,
41,65,995,
39,1146,983,
39,60,983,
48,1327,968,
48,270,957,
48,2238,955,
39,48,101,946,
39,12925,938,
39,533,922,
48,79,893,
41,225,877,
48,533,861,
48,49,843,
39,9,832,
39,16010,829,
39,185,828,
39,48,271,827,
48,78,824,
48,12925,817,
48,185,816,
48,60,815,
39,48,255,813,
48,1146,811,
41,170,805,
38,32,41,805,
39,14098,801,
48,123,797,
38,41,170,794,
39,41,65,792,
48,9,790,
39,1393,789,
39,48,2238,788,
39,48,413,781,
39,48,438,780,
48,2958,779,
48,338,779,
39,604,775,
39,78,774,
32,65,774,
39,49,768,
38,371,767,
38,89,764,
39,740,759,
39,249,752,
39,286,750,
48,592,743,
39,338,742,
39,48,147,742,
39,48,270,733,
41,89,732,
48,16010,730,
39,16217,728,
39,38,286,728,
39,123,726,
39,41,225,726,
39,592,723,
39,48,1327,720,
41,310,719,
39,15832,718,
39,301,715,
32,89,713,
39,589,708,
39,37,707,
39,824,703,
48,824,701,
41,36,700,
39,48,79,699,
48,14098,698,
39,13041,688,
48,604,687,
39,38,37,684,
38,237,683,
38,225,681,
271,270,680,
41,110,677,
48,249,675,
48,201,674,
38,41,36,671,
39,201,669,
48,1393,669,
48,677,666,
38,41,110,666,
39,548,663,
48,41,65,663,
48,548,658,
48,301,658,
38,55,657,
39,2958,655,
32,225,655,
39,179,653,
16010,16011,651,
39,522,648,
48,16217,647,
38,105,643,
48,258,643,
38,65,643,
39,783,640,
39,677,635,
39,48,533,632,
39,175,631,
39,258,628,
48,589,628,
39,41,310,625,
48,179,624,
39,41,170,624,
39,48,1146,623,
39,161,622,
39,38,32,41,622,
39,41,89,619,
39,48,49,617,
39,38,41,170,615,
48,1004,614,
39,48,78,610,
39,48,60,609,
48,41,89,606,
48,13041,602,
48,117,601,
39,956,600,
39,264,599,
41,237,597,
48,3270,592,
39,19,592,
48,19,591,
48,286,591,
39,38,89,589,
39,48,12925,588,
48,15832,585,
41,271,584,
48,783,583,
39,1004,583,
39,156,582,
48,522,582,
48,38,286,581,
39,479,580,
48,38,89,578,
39,1578,576,
39,3270,576,
48,32,89,573,
39,41,36,572,
39,48,2958,570,
41,2238,570,
41,475,570,
32,237,568,
48,37,565,
39,242,564,
39,45,559,
39,570,558,
48,38,37,557,
39,48,185,555,
39,117,554,
39,38,41,36,553,
48,41,310,547,
39,48,41,65,547,
39,48,9,546,
48,229,545,
39,389,544,
48,1135,541,
32,310,541,
39,18,540,
48,956,540,
39,48,14098,540,
32,170,540,
48,38,32,41,540,
39,31,538,
48,41,225,537,
39,38,225,535,
48,264,534,
39,371,532,
38,32,170,532,
39,32,89,532,
39,649,531,
39,76,529,
39,48,16010,529,
39,10515,528,
39,38,371,526,
48,405,525,
39,544,524,
48,10515,524,
39,48,41,89,522,
48,740,520,
39,48,604,520,
48,161,517,
39,48,338,516,
39,48,592,515,
39,41,110,515,
38,56,514,
48,570,514,
48,549,513,
48,479,513,
39,23,512,
39,103,512,
39,38,237,512,
39,32,65,512,
39,38,41,110,511,
39,48,249,510,
39,48,123,509,
38,790,508,
41,270,508,
39,48,1393,507,
39,334,506,
48,544,504,
39,229,503,
41,1146,501,
39,405,500,
41,79,499,
32,36,494,
39,806,493,
48,31,493,
48,175,493,
39,549,492,
48,45,492,
48,41,170,492,
48,32,65,492,
48,649,490,
48,766,489,
39,38,65,488,
39,48,41,310,486,
39,1344,485,
48,76,485,
39,271,270,484,
48,38,41,170,484,
39,664,481,
39,41,237,477,
39,41,475,476,
41,101,476,
39,1600,474,
48,156,473,
39,48,301,473,
39,11,472,
39,41,2238,472,
38,32,36,472,
39,1814,471,
39,976,471,
39,812,471,
39,48,824,471,
39,12929,470,
39,766,470,
32,271,470,
48,1578,469,
39,48,41,225,469,
48,107,467,
48,703,467,
39,48,548,467,
41,16010,467,
39,48,38,89,467,
39,32,225,466,
48,18,465,
39,48,286,464,
48,11,463,
48,812,463,
39,48,16217,463,
39,1435,459,
41,1327,459,
39,1135,458,
39,48,38,286,458,
48,976,456,
39,105,455,
39,703,453,
39,55,452,
39,10,452,
39,48,258,452,
39,48,179,452,
48,1814,451,
39,48,201,451,
39,41,271,451,
39,48,32,89,451,
39,38,105,449,
32,110,449,
39,789,447,
32,475,447,
39,272,446,
39,48,677,446,
48,1600,444,
39,48,13041,444,
48,334,443,
39,48,589,443,
38,32,110,443,
48,772,442,
39,269,441,
39,48,37,440,
48,269,439,
39,48,783,439,
41,147,438,
32,270,437,
39,396,436,
39,48,15832,436,
39,8978,433,
48,1435,433,
39,48,38,37,433,
41,16217,433,
38,310,433,
38,47,432,
38,281,432,
48,488,432,
48,103,431,
48,12929,430,
39,379,429,
39,260,428,
41,438,428,
48,41,475,428,
39,16011,427,
48,10,427,
48,1344,427,
39,107,426,
39,48,522,425,
48,41,110,423,
48,407,422,
48,464,422,
39,38,55,422,
39,681,422,
48,389,422,
48,789,421,
41,15832,421,
39,3616,419,
39,16010,16011,419,
48,38,41,110,419,
39,48,41,170,419,
39,407,418,
48,186,417,
48,23,416,
39,48,3270,416,
39,675,414,
41,413,414,
48,38,237,414,
39,1986,413,
39,186,413,
39,464,412,
32,101,412,
48,535,409,
48,425,408,
48,38,65,408,
39,267,407,
48,340,407,
39,1198,407,
38,2238,407,
39,772,406,
39,48,956,405,
225,2238,405,
39,809,404,
39,48,570,404,
39,48,264,403,
39,48,19,402,
39,279,401,
39,535,400,
48,242,399,
39,41,270,399,
48,38,225,398,
39,425,396,
39,340,396,
48,806,396,
225,271,395,
39,441,393,
38,475,393,
39,48,740,392,
38,271,392,
39,41,1146,391,
48,32,310,391,
48,865,390,
41,13041,390,
38,270,390,
39,488,389,
38,438,389,
48,41,36,388,
48,664,387,
39,48,1135,386,
32,79,384,
48,2199,383,
48,279,383,
39,48,175,383,
39,865,382,
48,449,382,
39,48,229,382,
39,32,310,382,
39,48,1004,381,
48,272,380,
48,259,380,
39,41,1327,380,
38,840,379,
48,260,379,
48,396,378,
48,681,378,
39,48,117,378,
39,41,79,378,
39,2383,377,
39,48,156,377,
48,38,41,36,377,
39,374,376,
48,3616,376,
48,1198,376,
48,41,237,375,
48,675,374,
48,16011,374,
39,259,374,
48,809,373,
39,48,10515,373,
39,1783,372,
48,105,372,
39,449,372,
39,48,41,475,372,
48,41,2238,371,
48,1067,369,
48,371,369,
48,271,270,369,
39,581,368,
48,267,368,
39,10446,368,
39,41,16010,368,
39,41,101,368,
48,38,105,367,
48,32,225,366,
48,38,371,365,
39,41,438,365,
39,790,364,
39,56,364,
39,150,364,
48,32,237,363,
38,370,362,
48,16010,16011,362,
39,48,45,361,
32,147,359,
39,48,479,358,
32,2238,358,
39,48,32,65,357,
39,38,790,356,
39,297,356,
48,2383,356,
39,1715,356,
39,48,161,356,
39,48,549,355,
38,390,354,
39,885,354,
48,581,353,
48,150,353,
39,38,56,352,
39,15618,352,
39,48,38,237,352,
39,53,351,
39,916,350,
39,1239,350,
48,1715,350,
39,48,649,350,
39,48,1578,350,
39,2284,349,
39,261,349,
39,2199,349,
39,251,349,
32,438,349,
39,32,237,349,
16431,16430,348,
48,379,348,
39,48,544,348,
39,1693,347,
39,155,347,
38,1327,347,
39,48,41,110,347,
48,1239,346,
48,2437,346,
48,1986,346,
39,48,11,346,
48,41,271,346,
39,4336,345,
48,10446,345,
39,48,76,345,
38,101,345,
39,30,344,
39,878,344,
39,1144,344,
48,8978,344,
39,48,1814,344,
39,48,41,36,343,
39,1043,342,
48,2118,341,
48,441,341,
48,374,340,
39,420,340,
39,48,405,340,
32,1146,340,
32,1046,339,
39,12946,339,
48,251,338,
39,48,38,225,337,
39,913,336,
48,1144,336,
39,48,31,336,
41,533,336,
39,41,147,336,
39,38,310,336,
48,1783,335,
39,48,766,335,
39,41,16217,335,
39,426,334,
38,3904,333,
48,1872,333,
39,2046,333,
39,48,334,333,
39,979,332,
39,1067,332,
41,255,332,
48,41,79,332,
39,32,170,332,
39,961,331,
39,1872,331,
48,261,330,
48,208,330,
48,4336,330,
39,48,18,330,
48,41,101,330,
48,734,329,
48,798,329,
48,297,328,
39,846,328,
38,147,328,
48,426,327,
48,961,327,
39,48,789,327,
48,52,326,
39,208,326,
32,413,326,
39,38,32,170,326,
39,855,325,
48,55,325,
39,48,976,325,
39,48,38,65,325,
48,2329,324,
39,2,324,
48,947,324,
39,947,324,
39,32,36,324,
39,209,323,
48,15618,323,
39,48,389,323,
32,1327,323,
48,53,322,
39,571,322,
39,910,322,
39,48,10,322,
39,48,23,322,
39,48,107,322,
39,41,15832,322,
39,48,41,2238,322,
39,1417,321,
39,48,103,321,
32,255,321,
39,47,320,
39,14933,320,
39,52,320,
48,398,320,
39,398,320,
48,913,320,
39,48,12929,320,
41,824,320,
48,571,318,
39,41,413,318,
39,2135,317,
39,1714,317,
39,225,2238,317,
39,80,316,
48,345,316,
48,1693,316,
48,790,315,
39,623,315,
48,1417,315,
48,41,16010,315,
48,41,270,315,
39,831,314,
48,62,314,
48,155,314,
39,48,1344,314,
65,89,314,
39,38,47,313,
39,178,313,
39,1355,313,
48,910,313,
39,4883,313,
48,41,1146,313,
38,79,313,
39,32,475,313,
39,793,312,
48,209,312,
117,976,312,
39,48,41,237,312,
48,831,311,
39,2118,311,
48,916,311,
48,420,311,
39,41,13041,311,
48,623,310,
48,878,310,
39,48,269,310,
39,48,812,310,
39,32,271,310,
39,1987,309,
48,56,309,
48,38,55,309,
39,225,271,309,
39,2051,308,
39,2437,308,
39,38,2238,308,
39,38,475,308,
48,32,475,308,
39,38,32,36,308,
48,32,170,308,
39,1659,307,
48,38,790,307,
48,704,307,
48,885,307,
39,48,1435,307,
39,48,1600,307,
41,9,307,
48,41,1327,307,
39,48,32,310,307,
39,136,306,
48,1677,306,
48,855,306,
48,1043,306,
38,1146,306,
48,4883,305,
48,2046,305,
39,48,186,305,
48,38,32,170,305,
48,793,304,
39,48,407,304,
41,592,303,
48,12935,302,
39,1479,302,
48,10444,302,
39,48,806,302,
39,48,703,302,
39,2168,301,
48,2051,300,
39,345,300,
39,94,300,
39,48,242,300,
32,533,300,
39,48,425,299,
48,1987,298,
48,30,298,
41,185,298,
48,38,310,298,
39,48,32,225,298,
39,2505,297,
48,846,297,
38,413,297,
39,48,664,296,
48,41,438,296,
38,1529,295,
48,38,56,295,
39,48,371,295,
225,270,295,
48,830,294,
39,2184,294,
39,48,38,371,294,
10515,405,294,
38,12925,294,
48,514,293,
48,2135,293,
39,10444,293,
39,418,293,
48,94,293,
1146,3616,293,
41,175,293,
48,1585,292,
39,2879,292,
48,2284,292,
39,48,267,292,
39,1677,291,
39,2399,291,
39,856,291,
39,48,675,291,
39,48,105,291,
39,38,270,291,
39,1543,290,
39,798,290,
41,8978,290,
39,48,809,290,
39,48,38,105,290,
39,38,271,290,
48,38,475,290,
39,591,289,
39,48,464,289,
32,185,289,
48,8691,288,
39,365,288,
39,281,288,
48,2184,288,
39,1704,287,
39,48,488,287,
48,41,16217,287,
48,41,413,287,
39,432,286,
48,136,286,
48,12946,286,
41,604,286,
39,32,110,286,
48,248,285,
39,2241,285,
48,2080,285,
32,1004,285,
48,2241,284,
39,3799,284,
39,1513,284,
48,2987,284,
39,1020,284,
39,48,271,270,284,
39,38,32,110,284,
39,12951,283,
39,808,283,
39,48,272,283,
48,1714,282,
271,2238,282,
38,1590,281,
39,2080,281,
39,62,281,
39,48,340,281,
32,16010,281,
48,2673,280,
48,591,280,
32,548,280,
48,41,147,280,
39,384,279,
48,490,279,
39,490,279,
48,408,279,
39,704,279,
39,48,279,279,
32,301,279,
39,408,278,
39,48,396,278,
48,1404,277,
39,48,1198,277,
39,8985,276,
48,2399,276,
48,2879,276,
39,48,8978,276,
39,32,270,276,
39,3904,275,
39,248,275,
39,9501,275,
48,1867,275,
39,48,16011,275,
39,48,681,275,
39,48,535,275,
39,48,772,275,
39,41,533,275,
48,47,274,
39,38,281,274,
48,1020,274,
39,1867,274,
48,14933,274,
39,41,255,274,
39,38,1327,274,
39,978,273,
39,1404,273,
48,1479,273,
39,1481,272,
39,48,865,272,
38,175,272,
39,38,438,272,
39,48,41,271,272,
39,514,271,
48,80,271,
48,856,271,
39,48,260,271,
48,41,255,271,
48,1486,270,
39,319,270,
39,2329,270,
39,48,2383,270,
39,48,3616,270,
39,48,41,79,270,
39,32,101,270,
48,2523,269,
48,38,47,269,
48,281,269,
39,48,16010,16011,269,
38,249,269,
39,38,3904,268,
39,1062,268,
48,2,268,
41,286,268,
39,12935,267,
39,694,267,
48,418,267,
48,808,267,
38,255,267,
48,32,110,267,
48,1052,266,
39,13189,266,
48,979,266,
39,48,2199,266,
32,677,266,
48,246,265,
48,2168,265,
48,32,270,265,
39,48,41,438,265,
39,903,264,
48,3799,264,
39,48,581,264,
39,48,1986,264,
41,117,264,
48,41,13041,264,
41,60,264,
270,2238,264,
39,48,41,101,264,
48,38,32,110,264,
39,4698,263,
39,842,263,
39,1585,262,
39,12959,262,
32,824,262,
32,60,262,
48,32,36,262,
39,1361,261,
48,319,261,
39,48,41,16010,261,
48,1355,260,
39,48,441,260,
48,41,15832,260,
39,48,41,1146,260,
39,48,41,1327,260,
39,8691,259,
48,2015,259,
39,246,259,
48,365,259,
48,38,281,259,
38,41,286,259,
39,390,258,
48,2056,258,
48,1659,258,
41,1344,258,
41,249,258,
39,48,41,270,258,
39,10491,257,
39,2056,257,
39,1121,257,
32,592,257,
39,32,2238,257,
38,1188,256,
39,1257,256,
39,1486,256,
39,830,256,
48,2505,256,
41,301,256,
41,338,256,
48,32,271,256,
48,32,101,256,
39,48,32,237,256,
39,734,255,
48,415,255,
39,48,150,255,
39,48,259,255,
48,715,254,
39,547,254,
41,258,254,
39,38,101,254,
48,38,32,36,254,
48,727,253,
39,2353,253,
39,12943,253,
39,48,53,253,
39,48,379,253,
41,201,253,
39,38,147,253,
38,1831,252,
39,1619,252,
39,1003,252,
39,1103,252,
39,1557,252,
48,10653,252,
48,547,252,
32,123,252,
39,840,251,
48,4698,251,
48,432,251,
39,48,1067,251,
39,48,55,251,
38,264,251,
39,48,38,310,251,
48,1003,250,
48,1313,250,
39,1313,250,
48,1103,250,
48,1066,250,
48,1557,250,
48,1121,250,
39,48,426,250,
39,48,374,250,
32,9,250,
39,2775,249,
39,32,147,249,
39,370,248,
48,1257,248,
48,1277,248,
48,1513,248,
48,1113,248,
39,1113,248,
48,41,533,248,
39,2523,247,
48,384,247,
41,37,247,
48,38,2238,247,
39,2673,246,
39,10653,246,
48,1126,246,
39,1126,246,
48,352,246,
48,1704,246,
48,178,246,
39,48,10446,246,
38,41,37,246,
38,504,245,
39,38,840,245,
48,10656,245,
39,1000,245,
39,3502,244,
39,48,261,244,
41,16011,244,
39,32,79,244,
39,32,438,244,
48,1956,243,
39,415,243,
39,41,8978,243,
39,48,38,55,243,
48,32,255,243,
39,48,38,475,243,
48,65,89,243,
39,14099,242,
39,1158,242,
39,48,297,242,
41,548,242,
39,730,241,
39,38,370,241,
39,38,390,241,
39,727,241,
39,1277,241,
39,48,916,241,
48,10490,240,
48,1543,240,
39,9555,240,
39,48,571,240,
39,48,961,240,
39,48,1783,240,
39,3827,239,
48,2775,239,
48,2343,239,
39,48,52,239,
39,48,790,239,
39,48,1239,239,
39,48,449,239,
39,41,175,239,
39,41,9,239,
39,38,1146,239,
48,38,270,239,
48,2492,238,
48,12,238,
39,2987,238,
39,41,824,238,
48,2115,237,
39,10490,237,
39,48,831,237,
48,1973,236,
48,1619,236,
48,1481,236,
39,1066,236,
48,13189,236,
41,16010,16011,236,
39,41,604,236,
41,123,236,
39,225,270,236,
39,2065,235,
48,341,235,
39,2208,235,
39,48,38,790,235,
39,48,1715,235,
39,41,592,235,
38,533,235,
48,10491,234,
39,48,1144,234,
39,48,41,16217,234,
39,48,41,147,234,
39,48,32,475,234,
39,15578,233,
48,2187,233,
48,14099,233,
39,2343,233,
48,640,232,
48,1158,232,
48,9501,232,
48,1062,232,
39,48,1693,232,
39,48,2118,232,
39,48,913,232,
32,78,232,
32,12925,232,
48,38,271,232,
89,237,232,
39,3361,231,
39,48,878,231,
32,15832,231,
32,1393,231,
48,41,9,231,
39,38,79,231,
48,32,79,231,
39,2991,230,
39,2015,230,
39,1214,230,
39,12,230,
39,48,798,230,
39,48,4336,230,
39,38,12925,230,
39,32,255,230,
39,48,41,255,230,
65,101,230,
48,10442,229,
39,48,734,229,
39,13443,229,
48,3361,229,
39,48,1043,229,
41,677,229,
32,286,229,
32,338,229,
48,38,101,229,
48,1027,228,
39,341,228,
39,48,2135,228,
48,12959,228,
39,48,855,228,
32,179,228,
32,589,228,
39,48,41,413,228,
89,310,228,
39,12933,227,
39,640,227,
39,10656,227,
48,32,438,227,
38,41,65,227,
48,2792,226,
39,984,226,
48,1638,226,
39,1930,226,
48,176,226,
39,48,2284,226,
39,48,56,226,
65,310,226,
39,1991,225,
39,2792,225,
39,3964,225,
39,3510,225,
41,956,225,
32,13041,225,
39,65,89,225,
48,164,224,
39,96,224,
48,9555,224,
39,352,224,
39,48,398,224,
41,179,224,
38,49,224,
32,604,224,
32,14098,224,
38,41,225,224,
39,2388,223,
39,1529,223,
39,1638,223,
39,41,185,223,
48,32,147,223,
39,785,222,
48,2208,222,
39,48,979,222,
39,48,2051,222,
39,48,910,222,
39,48,208,222,
39,48,885,222,
39,48,15618,222,
38,32,286,222,
39,1027,221,
48,2552,221,
39,2187,221,
48,351,221,
48,1000,221,
39,16430,221,
39,48,10444,221,
38,740,221,
38,16010,221,
39,271,2238,221,
39,38,413,221,
32,41,65,221,
39,1209,220,
39,75,220,
48,8985,220,
39,351,220,
39,48,251,220,
41,49,220,
39,48,41,15832,220,
48,225,271,220,
39,3759,219,
48,12951,219,
48,16430,219,
39,48,136,219,
39,48,38,56,219,
39,48,41,13041,219,
38,78,219,
39,41,60,219,
48,225,2238,219,
41,271,270,219,
48,424,218,
48,2515,218,
39,1859,218,
39,48,793,218,
39,48,30,218,
38,161,218,
48,41,824,218,
39,195,217,
48,5051,217,
39,715,217,
39,2492,217,
48,13443,217,
39,48,1987,217,
39,48,1417,217,
39,48,2046,217,
41,76,217,
41,2958,217,
41,589,217,
38,185,217,
39,32,413,217,
39,5729,216,
39,213,216,
48,346,216,
39,2254,216,
39,5051,216,
39,48,47,216,
38,806,216,
32,249,216,
39,32,1146,216,
39,38,255,216,
48,32,413,216,
39,534,215,
39,215,215,
48,730,215,
48,1930,215,
48,2353,215,
48,1361,215,
48,694,215,
39,48,2437,215,
41,1393,215,
39,48,41,533,215,
48,38,147,215,
65,237,215,
39,48,32,170,215,
48,3964,214,
39,829,214,
48,2626,214,
48,3502,214,
39,48,12935,214,
39,48,2241,214,
39,48,2329,214,
39,48,155,214,
39,48,420,214,
41,1198,214,
41,3270,214,
41,522,214,
170,36,214,
48,2524,213,
39,2468,213,
48,3510,213,
39,48,8691,213,
39,2115,213,
39,48,623,213,
39,48,1872,213,
39,41,1344,213,
48,38,413,213,
65,225,213,
38,2805,212,
48,643,212,
48,2325,212,
48,1082,212,
39,48,38,47,212,
39,48,345,212,
39,48,12946,212,
39,309,211,
39,48,1677,211,
38,389,211,
48,32,1146,211,
48,38,438,211,
39,1842,210,
48,397,210,
39,2075,210,
39,1081,210,
48,15,210,
48,817,210,
48,390,210,
48,1859,210,
39,48,591,210,
39,48,2184,210,
41,208,210,
41,161,210,
48,41,185,210,
38,170,36,210,
38,41,89,210,
39,597,209,
48,75,209,
48,2065,209,
48,7205,209,
39,7205,209,
39,48,94,209,
32,956,209,
39,41,249,209,
39,32,1327,209,
39,168,208,
39,643,208,
48,10525,208,
39,2325,208,
48,1444,208,
39,15,208,
39,48,80,208,
39,41,286,208,
48,232,207,
48,12943,207,
39,48,947,207,
39,48,209,207,
38,103,207,
41,31,207,
39,38,249,207,
32,41,225,207,
39,1786,206,
48,215,206,
39,10525,206,
39,1444,206,
48,1562,206,
48,840,206,
39,1052,206,
39,48,3799,206,
38,548,206,
41,740,206,
48,41,592,206,
48,4207,205,
39,652,205,
39,1185,205,
39,2091,205,
48,984,205,
39,346,205,
39,2552,205,
39,48,14933,205,
39,48,2168,205,
39,41,258,205,
32,49,205,
38,41,237,205,
48,10943,204,
48,203,204,
39,1360,204,
39,176,204,
41,790,204,
41,3616,204,
41,570,204,
41,264,204,
32,16217,204,
39,4899,203,
48,534,203,
48,978,203,
41,479,203,
39,41,37,203,
38,1393,203,
39,38,41,286,203,
48,32,2238,203,
39,48,38,2238,203,
39,8068,202,
39,38,1529,202,
48,2495,202,
48,751,202,
39,10442,202,
39,1425,202,
48,38,840,202,
39,48,1404,202,
38,41,790,202,
41,19,202,
39,38,41,37,202,
39,48,32,110,202,
48,1209,201,
48,993,201,
39,424,201,
48,842,201,
39,48,514,201,
39,48,2505,201,
48,41,2958,201,
41,783,201,
41,78,201,
38,123,201,
237,310,201,
39,697,200,
48,1081,200,
48,7975,200,
48,3904,200,
39,497,200,
48,829,200,
39,232,200,
39,48,248,200,
39,48,418,200,
39,48,4883,200,
38,242,200,
39,1590,199,
39,2440,199,
39,320,199,
39,203,199,
48,12933,199,
39,2626,199,
39,48,2879,199,
48,41,604,199,
39,3294,198,
39,989,198,
39,397,198,
39,2629,198,
48,2254,198,
39,48,408,198,
39,48,62,198,
32,549,198,
41,18,198,
32,175,198,
41,1004,198,
38,9,198,
48,38,255,198,
48,38,1327,198,
39,38,41,225,198,
39,235,197,
48,1655,197,
48,2629,197,
39,433,197,
39,13174,197,
48,1698,197,
39,993,197,
48,38,390,197,
39,2515,197,
39,48,365,197,
39,48,1479,197,
39,48,846,197,
41,11,197,
41,1600,197,
32,389,197,
41,544,197,
41,649,197,
39,1379,196,
39,504,196,
39,2495,196,
48,610,196,
48,370,196,
39,1082,196,
39,48,1513,196,
39,48,830,196,
48,41,8978,196,
38,229,196,
41,549,196,
39,48,225,2238,196,
39,48,38,270,196,
39,48,32,36,196,
38,3005,195,
48,165,195,
39,1282,195,
48,320,195,
48,3759,195,
48,13032,195,
48,2215,195,
48,1185,195,
48,653,195,
48,1214,195,
16010,8978,195,
175,806,195,
38,604,195,
39,1741,194,
39,1269,194,
39,764,194,
39,907,194,
39,1956,194,
48,1360,194,
2284,2505,194,
39,48,319,194,
39,48,1659,194,
39,48,178,194,
39,48,2399,194,
39,48,1355,194,
39,41,16011,194,
41,464,194,
32,783,194,
32,258,194,
39,41,301,194,
39,270,2238,194,
39,89,310,194,
39,1010,193,
39,805,193,
39,38,1590,193,
48,342,193,
39,4524,193,
39,751,193,
48,38,3904,193,
39,1562,193,
39,48,1257,193,
39,48,490,193,
39,48,281,193,
39,48,1714,193,
32,1135,193,
48,41,258,193,
32,117,193,
38,16217,193,
38,60,193,
48,38,79,193,
39,48,32,270,193,
48,5729,192,
39,9579,192,
39,2749,192,
39,262,192,
39,1196,192,
39,1698,192,
39,653,192,
48,903,192,
39,48,856,192,
41,789,192,
39,5728,191,
39,10605,191,
48,682,191,
39,204,191,
48,622,191,
39,4393,191,
48,96,191,
48,1308,191,
39,1973,191,
48,38,370,191,
39,48,1585,191,
39,48,704,191,
32,103,191,
41,389,191,
39,48,41,9,191,
89,101,191,
39,38,41,65,191,
48,9579,190,
39,1655,190,
48,204,190,
39,12982,190,
39,2633,190,
48,1046,190,
39,48,2673,190,
39,48,1020,190,
39,48,432,190,
39,41,16010,16011,190,
32,229,190,
48,32,16010,190,
48,89,310,190,
39,95,189,
48,168,189,
39,5152,189,
39,1489,189,
48,989,189,
48,13334,189,
39,16431,189,
48,2991,189,
48,785,189,
39,48,1103,189,
39,48,1543,189,
249,1144,189,
39,1146,3616,189,
32,2958,189,
39,41,117,189,
39,48,32,255,189,
39,256,188,
39,414,188,
39,412,188,
39,2164,188,
39,682,188,
39,4994,188,
39,2054,188,
39,921,188,
48,3827,188,
48,4650,188,
39,768,188,
39,48,1481,188,
38,1344,188,
41,229,188,
48,41,175,188,
32,161,188,
48,32,301,188,
39,48,38,271,188,
39,48,32,271,188,
48,2375,187,
39,1333,187,
48,4524,187,
48,652,187,
48,2091,187,
39,48,4698,187,
39,48,2523,187,
39,48,1867,187,
39,48,2080,187,
39,41,338,187,
48,32,1327,187,
32,41,89,187,
39,491,186,
48,2164,186,
39,2464,186,
48,262,186,
39,13032,186,
39,7975,186,
39,16431,16430,186,
39,48,2987,186,
39,48,2,186,
41,1715,186,
32,37,186,
32,41,310,186,
36,110,186,
39,48,65,89,186,
48,285,185,
39,234,185,
48,2440,185,
48,1196,185,
48,4393,185,
38,2958,185,
32,31,185,
38,32,37,185,
39,41,201,185,
38,592,185,
39,1966,184,
39,757,184,
39,4344,184,
39,1976,184,
48,2464,184,
39,5074,184,
48,1172,184,
39,2375,184,
48,235,184,
48,13174,184,
39,4650,184,
39,1308,184,
39,48,727,184,
39,48,38,281,184,
41,976,184,
32,18,184,
39,41,179,184,
32,201,184,
39,32,301,184,
38,338,184,
48,32,185,184,
39,10420,183,
39,2344,183,
48,1001,183,
39,1080,183,
48,166,183,
39,927,183,
39,1808,183,
48,921,183,
39,48,12951,183,
38,13041,183,
48,32,78,183,
48,41,201,183,
48,41,249,183,
39,32,185,183,
39,48,225,271,183,
48,491,182,
48,1564,182,
48,5074,182,
39,2191,182,
48,15578,182,
39,2894,182,
39,610,182,
39,817,182,
39,48,1003,182,
39,48,246,182,
41,23,182,
32,812,182,
39,41,548,182,
39,32,533,182,
39,48,32,101,182,
38,36,110,182,
48,2167,181,
39,2167,181,
39,3279,181,
48,412,181,
39,1939,181,
48,1808,181,
48,2075,181,
48,2633,181,
39,48,1486,181,
39,48,808,181,
549,107,181,
39,38,78,181,
38,14098,181,
48,38,1146,181,
39,32,60,181,
39,48,38,101,181,
39,89,237,181,
1819,3311,180,
48,2344,180,
48,3668,180,
39,718,180,
39,166,180,
48,927,180,
39,66,180,
48,2894,180,
39,48,2056,180,
39,48,1704,180,
41,846,180,
41,396,180,
32,522,180,
32,19,180,
39,41,1393,180,
39,32,16010,180,
48,1183,179,
48,10605,179,
48,1232,179,
48,2965,179,
39,2965,179,
48,2364,179,
39,3317,179,
39,342,179,
39,164,179,
39,48,3904,179,
39,48,1313,179,
39,48,415,179,
41,15618,179,
48,32,677,179,
48,32,533,179,
39,41,271,270,179,
237,475,179,
39,708,178,
39,1143,178,
48,4685,178,
39,2573,178,
48,10420,178,
48,250,178,
39,10551,178,
39,2635,178,
48,2388,178,
39,1281,178,
48,1939,178,
48,195,178,
39,48,2015,178,
38,156,178,
39,10515,405,178,
39,38,533,178,
39,32,41,225,178,
48,1163,177,
48,347,177,
48,4945,177,
39,169,177,
48,684,177,
39,4070,177,
48,1976,177,
48,82,177,
39,622,177,
48,12982,177,
175,1355,177,
39,38,264,177,
38,1004,177,
48,41,49,177,
39,48,32,438,177,
48,2856,176,
39,1602,176,
48,2053,176,
39,1188,176,
39,1172,176,
48,1842,176,
48,2054,176,
48,497,176,
39,48,10490,176,
39,48,10491,176,
41,806,176,
41,107,176,
48,38,49,176,
48,41,548,176,
65,60,176,
39,48,38,147,176,
65,413,176,
39,2259,175,
39,5248,175,
39,3315,175,
48,4070,175,
39,543,175,
48,10451,175,
39,48,2792,175,
48,16431,175,
39,48,384,175,
41,55,175,
32,3270,175,
39,41,677,175,
237,249,175,
48,38,12925,175,
48,225,270,175,
39,1996,174,
39,1899,174,
48,552,174,
39,3668,174,
39,12981,174,
48,278,174,
48,16431,16430,174,
39,48,1619,174,
32,1578,174,
38,3270,174,
39,48,32,79,174,
48,89,237,174,
39,38,41,89,174,
39,5405,173,
48,1282,173,
48,4994,173,
48,433,173,
39,48,38,3904,173,
39,48,13189,173,
41,535,173,
39,41,570,173,
41,766,173,
48,32,2958,173,
38,677,173,
39,32,592,173,
48,41,338,173,
48,38,41,89,173,
39,673,172,
39,12473,172,
48,543,172,
48,4779,172,
769,1034,172,
48,2191,172,
48,3317,172,
39,13334,172,
48,1425,172,
39,48,14099,172,
39,48,41,8978,172,
38,664,172,
32,1344,172,
41,371,172,
41,103,172,
39,41,76,172,
41,10515,172,
41,45,172,
48,41,37,172,
48,38,41,37,172,
39,41,49,172,
39,38,49,172,
48,41,301,172,
38,824,172,
39,48,41,824,172,
39,32,41,65,172,
39,2113,171,
48,805,171,
39,4207,171,
39,278,171,
48,1333,171,
48,32,1046,171,
39,48,547,171,
39,48,1113,171,
107,1067,171,
38,41,55,171,
32,12929,171,
38,41,371,171,
48,38,78,171,
39,32,548,171,
39,48,41,604,171,
39,38,41,237,171,
89,170,171,
39,576,170,
39,308,170,
39,2856,170,
48,5124,170,
48,615,170,
48,128,170,
39,1291,170,
48,718,170,
48,5405,170,
39,38,504,170,
39,1046,170,
39,48,9501,170,
41,352,170,
39,41,1198,170,
41,1578,170,
39,41,956,170,
38,589,170,
48,32,548,170,
39,48,41,592,170,
41,14098,170,
39,48,38,255,170,
48,38,533,170,
39,48,38,1327,170,
39,48,38,413,170,
39,1591,169,
48,2998,169,
39,1938,169,
39,1616,169,
39,1280,169,
39,662,169,
48,3316,169,
39,14386,169,
39,48,640,169,
39,48,1066,169,
39,48,10653,169,
48,117,976,169,
38,1578,169,
39,41,2958,169,
38,89,170,169,
39,1476,168,
39,2998,168,
39,1026,168,
48,4307,168,
39,3635,168,
48,1786,168,
39,684,168,
48,10551,168,
48,938,168,
39,3316,168,
39,2364,168,
39,10451,168,
48,66,168,
39,48,2115,168,
39,48,8985,168,
39,48,1121,168,
39,48,1062,168,
39,41,522,168,
39,41,161,168,
48,41,117,168,
48,32,49,168,
39,41,123,168,
48,41,123,168,
39,48,41,185,168,
65,271,168,
65,475,168,
39,1104,167,
795,1819,167,
39,1294,167,
48,1080,167,
39,2524,167,
39,48,730,167,
39,48,715,167,
39,48,2775,167,
39,48,10656,167,
48,1146,3616,167,
39,41,264,167,
32,479,167,
48,41,78,167,
39,32,1004,167,
48,32,1004,167,
48,38,249,167,
32,740,167,
101,413,167,
39,48,89,310,167,
39,932,166,
48,3635,166,
39,116,166,
48,12473,166,
39,4685,166,
48,1294,166,
48,2625,166,
309,1379,166,
48,8068,166,
48,2749,166,
39,48,2353,166,
39,48,1557,166,
39,48,1277,166,
39,41,11,166,
32,772,166,
48,41,1344,166,
32,1600,166,
39,38,175,166,
39,48,41,175,166,
48,41,677,166,
48,32,824,166,
38,41,310,166,
39,10074,165,
39,925,165,
48,489,165,
39,3012,165,
48,1629,165,
48,1010,165,
48,1602,165,
39,611,165,
48,1280,165,
39,82,165,
39,938,165,
39,1763,165,
48,697,165,
39,48,1027,165,
39,48,390,165,
39,48,1126,165,
39,41,208,165,
41,340,165,
48,41,16011,165,
32,405,165,
38,45,165,
38,31,165,
39,38,185,165,
225,310,165,
39,4975,164,
48,887,164,
48,767,164,
39,1804,164,
48,924,164,
48,167,164,
39,492,164,
39,2915,164,
48,536,164,
39,2763,164,
39,2997,164,
39,423,164,
48,1763,164,
39,2425,164,
39,2215,164,
39,48,1638,164,
39,48,978,164,
39,48,3502,164,
39,48,1000,164,
39,41,78,164,
39,48,38,438,164,
39,1819,163,
48,587,163,
39,1,163,
39,8867,163,
39,563,163,
32,107,163,
32,10515,163,
48,38,2958,163,
39,48,41,258,163,
65,201,163,
39,41,740,163,
48,32,592,163,
48,32,338,163,
39,48,32,147,163,
48,65,310,163,
89,225,163,
38,32,225,163,
39,32,41,89,163,
38,1727,162,
39,2599,162,
39,1527,162,
48,282,162,
48,1994,162,
39,69,162,
39,767,162,
48,77,162,
39,2420,162,
39,1013,162,
48,1014,162,
48,95,162,
48,2997,162,
39,1001,162,
48,423,162,
39,48,1209,162,
48,2468,162,
39,48,3361,162,
39,48,694,162,
41,1872,162,
48,32,1135,162,
38,956,162,
39,41,31,162,
38,258,162,
38,179,162,
39,32,179,162,
38,15832,162,
39,38,1393,162,
39,3149,161,
39,2177,161,
48,576,161,
39,3451,161,
48,344,161,
48,1269,161,
48,3279,161,
48,611,161,
39,2625,161,
39,511,161,
48,662,161,
48,3294,161,
48,1281,161,
39,48,1956,161,
48,309,161,
352,1859,161,
39,48,12,161,
32,789,161,
39,117,976,161,
39,41,783,161,
48,41,179,161,
39,32,78,161,
48,41,60,161,
39,65,310,161,
39,32,41,310,161,
39,9001,160,
39,399,160,
48,5728,160,
39,1831,160,
39,536,160,
39,347,160,
164,165,160,
39,165,160,
39,38,1188,160,
48,1291,160,
39,5,160,
48,2425,160,
48,12981,160,
48,213,160,
39,48,3964,160,
39,48,75,160,
39,48,341,160,
41,156,160,
48,10515,405,160,
39,48,41,2958,160,
48,41,3270,160,
48,32,179,160,
39,32,1393,160,
48,41,286,160,
170,110,160,
39,1538,159,
39,171,159,
48,3221,159,
39,4339,159,
48,2350,159,
39,1378,159,
48,597,159,
39,205,159,
48,169,159,
48,5,159,
309,1080,159,
39,48,3759,159,
39,48,984,159,
48,41,16010,16011,159,
39,41,3270,159,
39,38,161,159,
39,38,16010,159,
237,36,159,
39,65,225,159,
48,2394,158,
39,2746,158,
39,151,158,
39,282,158,
48,3404,158,
1379,1378,158,
48,133,158,
48,795,158,
48,753,158,
39,4779,158,
39,48,215,158,
39,48,2187,158,
39,48,2208,158,
39,48,842,158,
41,855,158,
39,41,789,158,
39,41,544,158,
41,405,158,
48,41,264,158,
39,41,589,158,
39,38,740,158,
39,48,32,2238,158,
65,147,158,
38,170,110,158,
32,41,170,158,
39,1537,157,
39,711,157,
48,1160,157,
48,10568,157,
39,987,157,
39,4307,157,
39,753,157,
39,1014,157,
39,3462,157,
39,2053,157,
39,1034,157,
48,768,157,
32,3616,157,
39,41,3616,157,
41,812,157,
39,41,18,157,
48,38,264,157,
48,38,41,286,157,
38,237,36,157,
39,1652,156,
39,220,156,
39,565,156,
39,926,156,
39,3404,156,
39,3291,156,
39,133,156,
48,69,156,
39,1160,156,
39,651,156,
39,795,156,
48,1819,156,
48,925,156,
39,1372,156,
48,2843,156,
39,552,156,
39,38,1831,156,
39,587,156,
48,1903,156,
48,2596,156,
48,1379,156,
39,48,397,156,
39,32,1046,156,
41,1859,156,
41,374,156,
32,1715,156,
41,681,156,
48,32,60,156,
39,48,32,413,156,
48,32,41,89,156,
39,639,155,
39,1345,155,
48,1249,155,
39,760,155,
39,3102,155,
39,10568,155,
48,10513,155,
48,757,155,
48,3151,155,
48,563,155,
48,3315,155,
39,250,155,
39,48,5729,155,
48,1489,155,
38,260,155,
32,488,155,
39,41,389,155,
32,76,155,
32,264,155,
39,32,15832,155,
39,48,41,249,155,
39,38,604,155,
48,32,9,155,
39,32,9,155,
38,32,41,170,155,
39,2011,154,
39,4720,154,
39,583,154,
39,1072,154,
48,399,154,
39,3321,154,
48,2441,154,
39,2186,154,
39,189,154,
39,489,154,
39,550,154,
39,10448,154,
48,116,154,
48,1096,154,
48,2573,154,
39,48,38,390,154,
39,48,1158,154,
39,41,790,154,
41,2437,154,
41,279,154,
41,1135,154,
41,259,154,
32,449,154,
41,269,154,
548,549,154,
48,41,76,154,
39,41,479,154,
38,783,154,
41,12925,154,
39,38,60,154,
170,237,154,
225,237,154,
39,706,153,
39,1060,153,
39,759,153,
48,2103,153,
39,1594,153,
39,350,153,
39,50,153,
39,1318,153,
39,1609,153,
48,987,153,
48,206,153,
39,206,153,
48,764,153,
39,10943,153,
39,48,10525,153,
41,2168,153,
39,38,41,790,153,
38,267,153,
41,407,153,
32,570,153,
48,32,1393,153,
39,38,9,153,
48,271,2238,153,
39,48,225,270,153,
89,475,153,
89,36,153,
48,3774,152,
39,6128,152,
39,2528,152,
39,104,152,
48,1591,152,
39,388,152,
48,2177,152,
48,1966,152,
39,2225,152,
48,205,152,
39,2988,152,
39,285,152,
39,1096,152,
48,5248,152,
48,2635,152,
48,907,152,
39,48,168,152,
48,5152,152,
39,48,2065,152,
39,48,1052,152,
41,623,152,
41,1814,152,
48,41,570,152,
48,41,956,152,
39,48,38,79,152,
65,36,152,
38,170,237,152,
48,38,41,65,152,
48,32,41,65,152,
39,5358,151,
39,1593,151,
48,3292,151,
39,1249,151,
39,1784,151,
39,3311,151,
309,1378,151,
48,2815,151,
48,1804,151,
39,924,151,
48,837,151,
48,1899,151,
48,3012,151,
39,2370,151,
48,8867,151,
39,227,151,
39,48,2254,151,
39,48,424,151,
39,48,903,151,
39,48,352,151,
175,178,151,
32,186,151,
39,41,549,151,
38,649,151,
39,48,41,37,151,
48,41,1393,151,
39,32,123,151,
48,32,123,151,
32,41,271,151,
48,65,237,151,
48,1593,150,
39,1744,150,
48,529,150,
795,1818,150,
48,911,150,
48,1784,150,
39,2406,150,
48,3189,150,
769,647,150,
39,3160,150,
48,1013,150,
39,2212,150,
39,3151,150,
1269,308,150,
39,48,1786,150,
39,1629,150,
39,5124,150,
39,48,643,150,
39,48,10442,150,
39,48,2626,150,
39,48,5051,150,
41,1783,150,
41,105,150,
48,41,1198,150,
38,1135,150,
41,449,150,
39,41,23,150,
39,32,677,150,
39,32,49,150,
48,38,185,150,
38,41,1327,150,
48,89,101,150,
38,89,36,150,
39,3005,149,
39,2663,149,
39,11840,149,
39,529,149,
39,9669,149,
48,1996,149,
48,1527,149,
39,2983,149,
48,565,149,
39,1395,149,
48,3311,149,
48,760,149,
48,3291,149,
48,1104,149,
48,1595,149,
39,612,149,
48,308,149,
48,10448,149,
48,1616,149,
309,1269,149,
39,2596,149,
39,48,2388,149,
39,48,2629,149,
39,48,15578,149,
39,48,1361,149,
39,48,9555,149,
32,47,149,
39,48,12959,149,
48,41,208,149,
39,41,1715,149,
39,41,229,149,
32,544,149,
39,48,38,249,149,
39,32,14098,149,
38,271,270,149,
48,32,41,310,149,
39,65,237,149,
48,10423,148,
39,3966,148,
48,2113,148,
39,2103,148,
39,3683,148,
39,48,491,148,
39,2441,148,
39,1595,148,
39,2843,148,
39,167,148,
48,492,148,
48,3462,148,
39,48,3827,148,
39,48,15,148,
39,48,829,148,
39,48,3510,148,
39,48,2552,148,
39,48,1930,148,
32,1067,148,
41,1986,148,
48,41,11,148,
39,41,1600,148,
39,48,38,1146,148,
38,32,89,148,
39,5651,147,
48,1060,147,
39,493,147,
39,2805,147,
39,1818,147,
48,4940,147,
48,1012,147,
48,1071,147,
795,3311,147,
39,2350,147,
48,1378,147,
48,1372,147,
48,2763,147,
48,244,147,
39,48,534,147,
39,48,2325,147,
39,48,840,147,
38,32,47,147,
41,2199,147,
39,16010,8978,147,
38,41,105,147,
32,1198,147,
38,12929,147,
41,772,147,
548,107,147,
39,32,589,147,
38,201,147,
39,48,38,12925,147,
38,65,36,147,
48,1818,146,
48,6128,146,
39,200,146,
48,1332,146,
48,550,146,
48,2370,146,
39,244,146,
39,48,1842,146,
39,48,203,146,
39,48,346,146,
39,48,2343,146,
32,16011,146,
32,269,146,
39,48,41,1344,146,
39,38,229,146,
32,156,146,
39,38,389,146,
32,649,146,
39,32,956,146,
48,32,12925,146,
32,271,270,146,
39,48,89,237,146,
48,1678,145,
1819,1818,145,
48,708,145,
14933,1609,145,
48,2561,145,
39,10513,145,
48,2420,145,
48,2212,145,
39,48,10605,145,
39,4642,145,
2238,5729,145,
39,48,96,145,
39,48,370,145,
39,48,38,840,145,
32,1043,145,
41,1067,145,
41,186,145,
39,41,55,145,
41,488,145,
38,570,145,
39,41,649,145,
39,38,2958,145,
39,48,41,548,145,
39,38,592,145,
39,32,338,145,
39,38,14098,145,
39,38,41,310,145,
39,38,2805,144,
39,9843,144,
48,2746,144,
48,4630,144,
39,911,144,
39,606,144,
48,1897,144,
48,414,144,
39,128,144,
48,4899,144,
39,48,1185,144,
39,48,176,144,
41,384,144,
41,2184,144,
41,878,144,
39,41,846,144,
48,41,229,144,
48,38,229,144,
38,76,144,
39,41,19,144,
39,32,13041,144,
39,32,286,144,
65,301,144,
39,32,604,144,
39,32,824,144,
48,270,2238,144,
225,36,144,
38,32,237,144,
39,2480,143,
39,596,143,
39,3186,143,
48,2788,143,
48,3808,143,
48,1964,143,
48,222,143,
39,2728,143,
39,4630,143,
48,440,143,
39,4316,143,
48,2188,143,
39,4209,143,
39,2634,143,
48,4339,143,
48,388,143,
48,1318,143,
39,3194,143,
39,48,2440,143,
39,48,235,143,
175,842,143,
39,48,12943,143,
41,94,143,
32,251,143,
32,279,143,
41,1435,143,
48,41,522,143,
147,179,143,
39,38,548,143,
39,38,32,286,143,
39,48,32,1146,143,
39,48,38,533,143,
89,60,143,
38,41,2238,143,
32,41,475,143,
39,170,36,143,
39,38,3005,142,
39,1964,142,
48,2983,142,
39,447,142,
48,926,142,
48,2723,142,
48,2988,142,
48,1,142,
39,4945,142,
39,48,1081,142,
39,48,1444,142,
39,48,12933,142,
39,48,38,370,142,
39,48,13443,142,
38,1986,142,
32,105,142,
32,16010,16011,142,
39,41,464,142,
32,976,142,
225,175,142,
48,32,13041,142,
39,48,41,49,142,
39,48,41,201,142,
39,48,41,60,142,
39,48,32,1327,142,
48,2150,141,
39,713,141,
39,4105,141,
39,8730,141,
48,1789,141,
48,2011,141,
39,1275,141,
39,849,141,
48,392,141,
39,1897,141,
39,1163,141,
48,2915,141,
39,1903,141,
1080,1379,141,
39,48,412,141,
39,48,751,141,
39,48,2091,141,
39,48,1973,141,
39,48,2492,141,
544,297,141,
32,10446,141,
39,38,41,55,141,
39,38,1344,141,
38,107,141,
32,334,141,
39,38,103,141,
38,19,141,
39,48,38,78,141,
48,38,548,141,
39,48,41,301,141,
48,32,14098,141,
32,41,237,141,
48,65,225,141,
48,38,41,225,141,
39,3535,140,
39,1380,140,
48,939,140,
48,1016,140,
39,11747,140,
48,171,140,
3311,1818,140,
39,4940,140,
48,447,140,
39,2188,140,
48,2634,140,
48,3321,140,
48,932,140,
39,1232,140,
39,1564,140,
39,48,2375,140,
39,48,2495,140,
39,48,1698,140,
39,48,993,140,
39,48,785,140,
107,961,140,
32,865,140,
41,260,140,
32,664,140,
39,41,107,140,
48,41,549,140,
13041,175,140,
48,32,117,140,
38,301,140,
225,271,270,140,
32,41,270,140,
39,38,170,36,140,
48,89,170,140,
48,38,89,170,140,
48,4221,139,
48,558,139,
48,493,139,
39,2394,139,
39,2874,139,
48,108,139,
39,440,139,
48,200,139,
48,2276,139,
39,77,139,
39,1497,139,
48,1026,139,
39,48,2167,139,
48,3194,139,
39,48,989,139,
39,48,320,139,
39,48,1655,139,
48,1529,139,
39,48,2991,139,
441,885,139,
32,1144,139,
38,269,139,
39,38,156,139,
38,479,139,
48,41,783,139,
39,48,41,179,139,
48,41,19,139,
39,48,38,49,139,
48,32,604,139,
39,41,14098,139,
32,41,1146,139,
39,1592,138,
39,1642,138,
48,3276,138,
39,1342,138,
39,10611,138,
39,2286,138,
39,43,138,
39,3808,138,
48,2147,138,
48,1538,138,
48,9669,138,
39,650,138,
48,220,138,
39,13182,138,
48,2874,138,
48,759,138,
39,887,138,
48,1395,138,
39,3189,138,
166,684,138,
48,234,138,
39,48,164,138,
41,1121,138,
41,1355,138,
48,41,790,138,
32,2199,138,
32,806,138,
48,41,544,138,
48,41,18,138,
39,32,783,138,
39,41,1004,138,
48,41,589,138,
39,48,41,338,138,
310,101,138,
39,65,101,138,
38,225,36,138,
39,51,137,
39,2097,137,
39,1016,137,
39,5782,137,
48,4201,137,
48,896,137,
48,650,137,
39,2052,137,
48,486,137,
48,851,137,
48,15345,137,
39,749,137,
1080,1269,137,
39,48,2075,137,
39,48,7205,137,
39,48,1214,137,
32,910,137,
41,913,137,
32,8978,137,
48,41,789,137,
39,41,371,137,
39,48,41,570,137,
39,41,976,137,
39,41,1578,137,
39,38,242,137,
39,32,258,137,
39,32,37,137,
39,38,32,37,137,
48,38,1393,137,
39,48,41,1393,137,
39,48,32,301,137,
48,38,592,137,
65,1327,137,
39,89,101,137,
39,48,65,310,137,
39,89,225,137,
39,3537,136,
48,2389,136,
39,6118,136,
39,199,136,
39,3774,136,
48,3724,136,
48,1072,136,
48,12677,136,
48,9304,136,
39,1994,136,
48,2528,136,
39,1332,136,
39,48,597,136,
48,3451,136,
39,1183,136,
39,48,805,136,
39,48,4207,136,
39,769,136,
48,38,41,790,136,
38,32,105,136,
48,41,1135,136,
39,48,41,16011,136,
41,379,136,
39,41,806,136,
32,1435,136,
39,38,41,371,136,
39,48,41,78,136,
48,32,589,136,
39,48,32,16010,136,
65,9,136,
38,41,475,136,
39,36,110,136,
39,289,135,
48,573,135,
39,1390,135,
39,2469,135,
39,5767,135,
48,3055,135,
48,4975,135,
39,402,135,
39,2147,135,
48,583,135,
48,2599,135,
48,3006,135,
48,406,135,
48,1815,135,
48,4316,135,
39,392,135,
48,612,135,
48,3160,135,
39,48,10420,135,
48,511,135,
48,4642,135,
39,48,9579,135,
39,48,2164,135,
39,48,2524,135,
39,48,204,135,
38,3616,135,
48,41,464,135,
39,38,806,135,
39,41,766,135,
48,41,649,135,
39,38,16217,135,
39,38,41,1327,135,
39,225,310,135,
39,38,36,110,135,
39,1184,134,
39,2476,134,
39,813,134,
39,2378,134,
48,51,134,
39,10423,134,
309,1380,134,
39,13043,134,
39,1678,134,
48,1345,134,
48,2052,134,
48,2728,134,
48,849,134,
39,599,134,
48,256,134,
48,1741,134,
48,1188,134,
39,48,718,134,
39,48,2464,134,
39,48,342,134,
39,48,195,134,
39,48,7975,134,
39,48,1859,134,
41,432,134,
41,4336,134,
41,809,134,
39,32,1135,134,
32,396,134,
39,41,396,134,
32,681,134,
41,10,134,
41,664,134,
48,32,229,134,
39,48,41,264,134,
48,32,956,134,
32,242,134,
48,41,31,134,
39,48,41,117,134,
48,32,15832,134,
39,48,41,286,134,
225,79,134,
39,3276,133,
39,83,133,
39,2150,133,
39,193,133,
39,434,133,
48,4891,133,
48,6118,133,
48,2002,133,
39,222,133,
39,2706,133,
39,1085,133,
48,104,133,
39,2815,133,
39,837,133,
39,48,4070,133,
39,48,1282,133,
39,48,1808,133,
39,48,2515,133,
41,267,133,
39,41,15618,133,
41,10446,133,
32,703,133,
39,38,338,133,
32,41,36,133,
39,1670,132,
39,1517,132,
39,939,132,
39,2554,132,
39,68,132,
48,880,132,
39,880,132,
48,337,132,
48,10818,132,
48,2706,132,
39,3553,132,
39,48,5728,132,
48,189,132,
48,673,132,
39,48,764,132,
39,48,2965,132,
39,48,8068,132,
39,48,697,132,
48,14386,132,
39,48,13032,132,
39,48,1196,132,
41,420,132,
32,809,132,
32,11,132,
41,703,132,
39,32,389,132,
38,117,132,
39,38,13041,132,
39,48,32,78,132,
48,32,249,132,
225,1146,132,
39,41,12925,132,
39,32,12925,132,
65,255,132,
48,38,41,237,132,
39,89,170,132,
48,89,225,132,
39,1905,131,
39,2064,131,
39,593,131,
48,828,131,
39,1063,131,
48,141,131,
39,40,131,
39,3006,131,
39,660,131,
48,1652,131,
39,98,131,
48,4170,131,
39,4170,131,
48,1594,131,
39,48,3294,131,
39,48,166,131,
39,48,1308,131,
39,48,232,131,
39,2284,2505,131,
41,808,131,
41,793,131,
32,961,131,
41,865,131,
38,405,131,
39,41,45,131,
48,41,479,131,
39,237,310,131,
48,38,41,310,131,
39,38,89,170,131,
39,1166,130,
39,2708,130,
39,4913,130,
48,4111,130,
39,1055,130,
48,2378,130,
39,2239,130,
39,828,130,
48,755,130,
3535,3537,130,
48,5358,130,
48,2117,130,
39,1459,130,
48,2286,130,
48,1275,130,
48,9843,130,
48,151,130,
48,2990,130,
39,48,2998,130,
48,1609,130,
48,3102,130,
48,1938,130,
39,615,130,
39,48,1269,130,
39,48,682,130,
39,48,622,130,
39,48,262,130,
39,48,433,130,
39,48,4393,130,
32,846,130,
38,1814,130,
32,535,130,
39,41,535,130,
39,41,103,130,
48,32,549,130,
38,18,130,
48,41,1004,130,
39,48,41,677,130,
48,38,16010,130,
237,101,130,
39,1598,129,
48,3086,129,
39,566,129,
48,713,129,
39,3412,129,
39,4891,129,
48,2506,129,
48,2413,129,
48,13043,129,
39,851,129,
48,3553,129,
48,651,129,
39,48,1976,129,
39,48,4994,129,
39,48,2054,129,
39,48,610,129,
39,48,351,129,
41,1659,129,
41,947,129,
41,675,129,
41,272,129,
48,41,3616,129,
48,38,1135,129,
32,1814,129,
48,41,107,129,
39,41,10515,129,
39,38,3270,129,
48,38,3270,129,
38,522,129,
39,48,32,49,129,
48,38,123,129,
48,38,9,129,
39,89,475,129,
48,237,310,129,
39,89,36,129,
225,170,129,
38,225,170,129,
39,3202,128,
39,274,128,
39,1408,128,
39,3021,128,
48,5782,128,
48,3735,128,
48,1744,128,
39,48,1996,128,
48,9001,128,
39,2990,128,
39,108,128,
48,4209,128,
39,15345,128,
48,350,128,
48,50,128,
48,2186,128,
48,4344,128,
39,48,1602,128,
1379,1269,128,
39,48,2344,128,
39,48,1172,128,
41,297,128,
41,30,128,
39,41,374,128,
32,15618,128,
41,2046,128,
39,175,806,128,
32,766,128,
39,48,38,2958,128,
48,41,161,128,
39,48,32,548,128,
39,32,249,128,
48,32,286,128,
39,48,32,592,128,
48,41,14098,128,
39,38,123,128,
39,48,32,185,128,
101,147,128,
39,38,89,36,128,
38,32,41,36,128,
38,32,65,128,
48,2822,127,
39,13556,127,
39,698,127,
48,85,127,
48,2480,127,
39,5108,127,
48,193,127,
48,4105,127,
39,2537,127,
48,2663,127,
48,5767,127,
39,3319,127,
48,68,127,
39,2788,127,
39,560,127,
48,13182,127,
39,3221,127,
39,486,127,
39,2723,127,
48,2259,127,
164,166,127,
39,48,921,127,
39,48,4524,127,
39,48,652,127,
39,48,497,127,
39,48,817,127,
41,53,127,
41,961,127,
48,41,1715,127,
39,48,41,1198,127,
38,681,127,
39,48,41,11,127,
39,38,664,127,
48,38,32,286,127,
48,38,604,127,
48,38,338,127,
32,41,79,127,
48,65,101,127,
48,1905,126,
48,5651,126,
39,85,126,
48,1642,126,
39,9617,126,
48,1387,126,
48,660,126,
39,9304,126,
39,2561,126,
39,48,1010,126,
39,48,95,126,
39,48,5152,126,
32,1872,126,
809,441,126,
41,251,126,
38,272,126,
32,407,126,
38,11,126,
39,32,18,126,
39,32,2958,126,
39,48,41,3270,126,
48,32,258,126,
65,604,126,
39,48,32,533,126,
48,237,475,126,
48,32,41,225,126,
39,445,125,
3535,3402,125,
39,0,125,
39,2840,125,
48,5127,125,
48,1517,125,
39,5968,125,
39,11254,125,
39,3047,125,
39,211,125,
48,3412,125,
39,2413,125,
39,10939,125,
48,43,125,
48,199,125,
39,406,125,
39,10818,125,
39,12677,125,
48,3683,125,
48,749,125,
39,48,3315,125,
48,38,1188,125,
39,48,1280,125,
39,48,3668,125,
48,38,1529,125,
38,1355,125,
41,916,125,
32,2046,125,
32,272,125,
39,41,156,125,
48,41,10515,125,
39,38,956,125,
39,32,31,125,
39,32,117,125,
48,38,60,125,
39,48,271,2238,125,
48,38,32,89,125,
39,236,124,
39,1805,124,
39,1791,124,
48,64,124,
39,1315,124,
39,3324,124,
48,5968,124,
39,6602,124,
39,1023,124,
48,2469,124,
48,1380,124,
48,711,124,
48,1342,124,
39,1161,124,
39,2002,124,
48,639,124,
48,442,124,
48,3966,124,
39,337,124,
795,1819,3311,124,
1379,308,124,
39,48,4685,124,
39,48,1294,124,
39,48,1001,124,
39,48,5405,124,
48,1590,124,
39,48,927,124,
48,501,124,
39,48,1360,124,
39,48,653,124,
41,3904,124,
39,48,1082,124,
39,48,16430,124,
39,41,352,124,
38,178,124,
41,426,124,
41,398,124,
39,48,41,208,124,
32,2437,124,
39,41,1986,124,
38,340,124,
39,48,41,789,124,
39,41,1135,124,
32,260,124,
41,12929,124,
48,41,389,124,
39,38,1578,124,
39,32,1578,124,
39,48,10515,405,124,
65,783,124,
39,38,179,124,
39,38,589,124,
48,41,271,270,124,
32,41,110,124,
39,237,36,124,
39,38,32,89,124,
39,5323,123,
39,4342,123,
39,763,123,
39,6630,123,
39,1433,123,
48,3638,123,
39,500,123,
48,3535,123,
39,2351,123,
39,525,123,
39,1012,123,
48,10074,123,
48,599,123,
48,1143,123,
39,48,213,123,
39,48,309,123,
39,48,2468,123,
38,8978,123,
48,16010,8978,123,
39,41,340,123,
32,23,123,
39,38,649,123,
39,48,41,956,123,
39,38,783,123,
301,179,123,
39,48,41,123,123,
39,48,32,60,123,
65,2238,123,
89,413,123,
38,41,101,123,
38,32,41,110,123,
39,2408,122,
39,1837,122,
39,731,122,
39,485,122,
48,13060,122,
48,566,122,
39,558,122,
39,2506,122,
48,98,122,
39,1071,122,
39,48,767,122,
48,2225,122,
39,344,122,
39,48,285,122,
39,48,2053,122,
39,48,165,122,
39,48,169,122,
39,48,2191,122,
39,48,12982,122,
39,48,1425,122,
39,48,1562,122,
41,1987,122,
41,1239,122,
38,279,122,
32,464,122,
48,41,976,122,
39,41,405,122,
48,32,37,122,
48,38,32,37,122,
48,32,16217,122,
39,32,16217,122,
39,65,36,122,
39,38,237,36,122,
39,32,41,170,122,
48,3171,121,
48,445,121,
48,3240,121,
48,2800,121,
39,2810,121,
39,3086,121,
39,331,121,
39,3896,121,
48,1023,121,
39,13060,121,
39,2621,121,
39,1772,121,
39,141,121,
39,4201,121,
48,525,121,
39,48,282,121,
39,2276,121,
48,2406,121,
2238,5728,121,
39,48,757,121,
39,48,5074,121,
39,48,1281,121,
39,48,1939,121,
39,48,13174,121,
41,16430,121,
41,1714,121,
41,571,121,
38,261,121,
32,56,121,
32,340,121,
41,334,121,
32,371,121,
38,32,371,121,
39,38,570,121,
48,41,1600,121,
39,48,41,229,121,
39,48,41,76,121,
39,48,38,264,121,
48,38,258,121,
89,78,121,
39,38,824,121,
39,48,38,185,121,
48,89,475,121,
39,237,475,121,
39,170,237,121,
39,4886,120,
39,10598,120,
48,4143,120,
39,1615,120,
48,289,120,
39,2800,120,
48,4342,120,
39,421,120,
39,1640,120,
39,13049,120,
39,1428,120,
48,1592,120,
39,2842,120,
39,314,120,
39,1796,120,
48,434,120,
39,1771,120,
39,1233,120,
39,382,120,
48,3021,120,
39,896,120,
48,3149,120,
1269,1378,120,
39,48,925,120,
48,1831,120,
39,48,347,120,
39,48,12473,120,
39,48,2856,120,
39,48,4899,120,
39,48,82,120,
48,38,1590,120,
39,48,10451,120,
48,1991,120,
39,48,2633,120,
38,41,3904,120,
79,2254,120,
41,979,120,
41,365,120,
41,281,120,
41,910,120,
32,790,120,
41,261,120,
41,704,120,
41,2383,120,
38,2437,120,
48,41,15618,120,
39,41,105,120,
39,48,32,1135,120,
38,379,120,
39,41,681,120,
48,41,766,120,
38,1600,120,
39,41,812,120,
39,32,549,120,
39,48,32,2958,120,
39,48,41,783,120,
39,32,175,120,
48,38,175,120,
65,589,120,
39,32,201,120,
48,32,201,120,
101,301,120,
89,533,120,
39,48,270,2238,120,
39,38,41,2238,120,
32,41,147,120,
39,65,475,120,
39,170,110,120,
48,2721,119,
39,1180,119,
39,1215,119,
39,5289,119,
39,3402,119,
48,2708,119,
39,2812,119,
39,15798,119,
48,4251,119,
48,4144,119,
48,1739,119,
39,1115,119,
39,44,119,
48,6602,119,
48,243,119,
39,3185,119,
39,2389,119,
48,2621,119,
48,3756,119,
48,10611,119,
48,1476,119,
39,48,1104,119,
39,48,684,119,
39,48,1080,119,
39,48,4650,119,
39,48,1046,119,
41,2673,119,
48,41,352,119,
32,178,119,
32,1987,119,
38,855,119,
41,56,119,
809,885,119,
549,1067,119,
32,4336,119,
41,150,119,
39,41,279,119,
39,38,41,105,119,
38,488,119,
39,32,229,119,
48,38,389,119,
41,242,119,
48,32,783,119,
39,48,41,522,119,
39,38,1004,119,
65,338,119,
39,32,41,475,119,
39,38,170,110,119,
39,38,65,36,119,
39,38,170,237,119,
39,2039,118,
48,5346,118,
39,3236,118,
39,4221,118,
48,1166,118,
39,10128,118,
48,10481,118,
48,4360,118,
39,2058,118,
39,14634,118,
39,1811,118,
39,573,118,
48,1315,118,
39,325,118,
39,243,118,
39,1387,118,
48,11840,118,
48,8730,118,
39,1789,118,
48,1161,118,
48,1459,118,
39,442,118,
39,3735,118,
39,48,2113,118,
39,3292,118,
39,48,576,118,
39,48,987,118,
39,48,4307,118,
48,164,165,118,
39,48,250,118,
39,309,1379,118,
39,48,662,118,
41,5729,118,
39,48,13334,118,
41,2208,118,
32,591,118,
39,32,47,118,
41,2284,118,
38,32,790,118,
32,2118,118,
32,2383,118,
39,41,2437,118,
32,675,118,
39,41,186,118,
39,41,407,118,
39,41,1435,118,
38,976,118,
48,41,1578,118,
39,38,31,118,
310,60,118,
39,32,41,271,118,
39,914,117,
39,801,117,
39,1877,117,
39,3903,117,
48,10598,117,
48,3271,117,
39,4859,117,
48,698,117,
39,64,117,
39,13056,117,
48,3202,117,
48,2240,117,
39,2240,117,
48,59,117,
48,5108,117,
48,968,117,
39,3638,117,
39,2263,117,
48,3185,117,
39,739,117,
39,3055,117,
48,3186,117,
39,48,1593,117,
48,560,117,
39,48,1527,117,
48,1085,117,
39,48,399,117,
48,606,117,
39,48,3404,117,
1080,1378,117,
309,1379,1378,117,
39,48,69,117,
39,48,1966,117,
39,48,552,117,
48,38,1831,117,
39,48,543,117,
39,48,278,117,
39,48,1333,117,
39,501,117,
41,246,117,
32,352,117,
39,38,32,47,117,
41,136,117,
39,41,2168,117,
41,798,117,
39,41,855,117,
38,32,56,117,
237,1043,117,
39,41,1067,117,
38,15618,117,
39,48,1146,3616,117,
48,38,806,117,
48,32,812,117,
39,48,41,544,117,
48,32,18,117,
39,32,405,117,
39,48,32,179,117,
39,38,15832,117,
39,237,249,117,
89,592,117,
41,225,2238,117,
89,147,117,
48,225,310,117,
39,48,65,237,117,
39,38,32,225,117,
39,3973,116,
48,2493,116,
39,2822,116,
48,1184,116,
48,228,116,
39,2793,116,
39,2855,116,
48,13056,116,
48,331,116,
48,1159,116,
48,127,116,
48,500,116,
48,1063,116,
39,1773,116,
1080,1380,116,
48,1772,116,
48,706,116,
48,382,116,
48,2537,116,
48,596,116,
48,3319,116,
48,11747,116,
39,48,4975,116,
39,48,2011,116,
795,1819,1818,116,
39,48,2350,116,
39,48,1591,116,
39,48,5248,116,
39,48,3279,116,
39,48,1379,116,
39,48,2749,116,
39,48,3317,116,
175,2991,116,
38,351,116,
41,14933,116,
32,2329,116,
38,41,56,116,
41,1144,116,
41,425,116,
38,251,116,
48,41,396,116,
48,41,407,116,
48,38,103,116,
39,48,38,229,116,
48,38,156,116,
39,48,41,549,116,
32,45,116,
48,32,3270,116,
39,38,258,116,
48,38,161,116,
48,38,16217,116,
48,38,824,116,
38,41,16010,116,
39,38,41,475,116,
39,225,36,116,
48,89,36,116,
39,1145,115,
39,4801,115,
39,12996,115,
48,4548,115,
39,4771,115,
39,791,115,
39,5976,115,
39,2861,115,
39,4111,115,
39,4386,115,
39,67,115,
39,4144,115,
48,44,115,
39,968,115,
39,755,115,
48,3537,115,
48,402,115,
39,1815,115,
39,1819,3311,115,
39,48,133,115,
39,48,924,115,
39,48,1014,115,
309,308,115,
39,48,563,115,
39,48,611,115,
39,48,1489,115,
39,48,2364,115,
39,48,10943,115,
41,10444,115,
32,52,115,
32,571,115,
396,910,115,
549,961,115,
38,1144,115,
32,209,115,
48,41,340,115,
39,32,789,115,
39,41,269,115,
39,48,41,18,115,
39,32,522,115,
39,48,32,1393,115,
41,225,271,115,
48,65,475,115,
39,3336,114,
39,2830,114,
48,444,114,
48,5289,114,
48,1805,114,
48,4859,114,
48,4744,114,
48,4472,114,
48,807,114,
39,1430,114,
48,14634,114,
48,1811,114,
48,3467,114,
48,1115,114,
39,1697,114,
39,1821,114,
48,555,114,
48,2263,114,
48,2351,114,
39,48,1060,114,
48,1343,114,
39,48,529,114,
1819,3311,1818,114,
39,48,759,114,
39,48,708,114,
5729,5728,114,
164,684,114,
39,48,10551,114,
39,48,2635,114,
39,48,2215,114,
41,2135,114,
39,41,432,114,
32,2879,114,
39,41,94,114,
39,41,623,114,
38,2383,114,
39,41,878,114,
48,41,2437,114,
32,267,114,
39,38,1986,114,
48,41,186,114,
38,396,114,
38,449,114,
39,41,260,114,
48,32,12929,114,
48,32,1344,114,
48,32,389,114,
38,10515,114,
39,48,32,338,114,
32,41,2238,114,
38,41,147,114,
32,41,101,114,
39,2771,113,
48,974,113,
39,152,113,
39,3840,113,
48,4771,113,
39,2129,113,
39,1951,113,
48,4310,113,
39,3988,113,
39,2669,113,
48,15798,113,
39,129,113,
48,966,113,
48,973,113,
48,763,113,
39,3504,113,
48,9617,113,
48,10474,113,
39,10474,113,
39,2117,113,
48,739,113,
39,1025,113,
39,48,1538,113,
39,48,256,113,
39,48,1804,113,
39,48,1763,113,
48,504,113,
39,41,1859,113,
38,41,281,113,
32,94,113,
41,581,113,
32,581,113,
39,41,2199,113,
39,48,41,1135,113,
32,259,113,
48,41,1814,113,
39,32,12929,113,
39,41,772,113,
48,32,522,113,
39,48,41,19,113,
39,48,38,548,113,
39,48,38,1393,113,
39,48,38,592,113,
38,41,270,113,
48,38,89,36,113,
39,48,65,225,113,
48,3338,112,
39,892,112,
39,11560,112,
48,2514,112,
39,1781,112,
48,2654,112,
48,10128,112,
48,3161,112,
48,421,112,
48,636,112,
48,67,112,
48,1696,112,
1379,1380,112,
48,1233,112,
39,48,2746,112,
39,48,1249,112,
39,48,565,112,
39,48,2177,112,
39,48,1819,112,
39,647,112,
39,48,2763,112,
39,48,2997,112,
39,48,2573,112,
39,48,66,112,
39,41,3904,112,
41,370,112,
41,1557,112,
39,41,384,112,
1067,136,112,
32,1355,112,
39,41,1872,112,
39,41,267,112,
38,2199,112,
39,41,1783,112,
38,16011,112,
39,41,10,112,
38,535,112,
48,41,23,112,
38,703,112,
38,544,112,
39,225,175,112,
48,32,19,112,
48,41,740,112,
101,824,112,
65,824,112,
237,533,112,
39,38,271,270,112,
48,225,237,112,
39,974,111,
39,2870,111,
48,770,111,
48,2122,111,
48,848,111,
39,1612,111,
48,1215,111,
48,3312,111,
48,1290,111,
48,1640,111,
39,5127,111,
39,1192,111,
48,731,111,
48,1697,111,
39,10493,111,
39,1929,111,
48,1773,111,
48,2097,111,
39,48,6128,111,
39,48,4630,111,
39,48,911,111,
39,48,1994,111,
39,48,10568,111,
164,167,111,
39,48,1899,111,
39,48,492,111,
39,48,1013,111,
39,48,3151,111,
39,48,414,111,
39,48,3635,111,
39,48,1616,111,
39,48,2625,111,
39,48,423,111,
38,41,370,111,
41,1486,111,
32,1404,111,
39,41,2184,111,
107,136,111,
38,1479,111,
956,910,111,
39,48,41,790,111,
1067,961,111,
48,41,1872,111,
32,947,111,
39,249,1144,111,
39,41,272,111,
39,38,1135,111,
38,16010,16011,111,
39,41,1814,111,
39,38,260,111,
39,38,12929,111,
39,32,1344,111,
39,48,41,107,111,
39,32,570,111,
38,549,111,
39,38,45,111,
48,38,677,111,
32,41,16010,111,
48,89,60,111,
39,65,60,111,
39,225,271,270,111,
48,65,271,111,
48,32,41,475,111,
65,170,111,
39,48,89,170,111,
39,48,89,225,111,
39,61,110,
39,1311,110,
48,1123,110,
39,2269,110,
39,10441,110,
39,3272,110,
48,2408,110,
39,444,110,
39,2493,110,
48,2810,110,
48,621,110,
48,2519,110,
39,197,110,
48,1837,110,
48,1390,110,
48,2842,110,
48,1537,110,
39,3551,110,
48,861,110,
48,2805,110,
39,48,171,110,
39,48,926,110,
39,48,1784,110,
39,48,167,110,
39,48,489,110,
39,48,536,110,
39,48,1629,110,
39,48,4779,110,
39,48,32,1046,110,
806,2991,110,
32,1481,110,
41,1543,110,
41,591,110,
38,2505,110,
41,2118,110,
41,885,110,
48,41,1067,110,
32,420,110,
32,379,110,
48,41,269,110,
38,334,110,
48,41,103,110,
48,41,156,110,
39,48,41,649,110,
39,32,10515,110,
48,38,956,110,
65,479,110,
413,13041,110,
48,38,13041,110,
39,48,32,677,110,
89,338,110,
39,48,41,14098,110,
48,38,14098,110,
89,9,110,
101,475,110,
39,48,89,101,110,
39,38,225,36,110,
39,225,237,110,
38,65,170,110,
39,915,109,
48,10419,109,
48,4640,109,
48,2624,109,
48,11039,109,
39,3171,109,
39,3539,109,
39,1439,109,
48,10441,109,
48,1180,109,
39,3762,109,
39,1727,109,
39,877,109,
39,228,109,
48,1972,109,
39,6190,109,
48,1603,109,
48,2476,109,
48,1598,109,
39,48,10423,109,
48,1408,109,
48,1821,109,
48,211,109,
1378,1380,109,
48,10939,109,
48,1025,109,
39,48,1652,109,
39,48,1072,109,
581,565,109,
39,48,1160,109,
39,48,1026,109,
39,48,587,109,
39,1269,308,109,
48,1034,109,
10490,10525,109,
38,2523,109,
48,2284,2505,109,
39,175,178,109,
39,41,2284,109,
41,1417,109,
32,913,109,
32,1986,109,
39,41,259,109,
39,41,449,109,
38,407,109,
38,10,109,
39,32,103,109,
39,48,41,389,109,
48,41,45,109,
48,32,31,109,
48,89,78,109,
39,48,32,1004,109,
39,48,32,9,109,
38,41,1146,109,
39,225,79,109,
39,1473,108,
48,1971,108,
48,4297,108,
39,4548,108,
48,3840,108,
48,2210,108,
39,2471,108,
39,1290,108,
48,572,108,
48,2907,108,
39,966,108,
48,2793,108,
48,2891,108,
39,48,583,108,
39,48,9669,108,
39,48,3774,108,
39,48,887,108,
39,48,1378,108,
39,48,77,108,
39,48,795,108,
39,795,1819,108,
48,795,1819,108,
39,48,1372,108,
39,48,1163,108,
39,48,2420,108,
39,48,308,108,
39,48,1183,108,
39,48,1903,108,
39,48,116,108,
39,48,8867,108,
39,48,1291,108,
682,166,108,
39,48,1529,108,
39,48,2894,108,
39,38,41,3904,108,
41,52,108,
39,175,1355,108,
39,41,913,108,
38,1043,108,
39,38,267,108,
548,1067,108,
39,48,41,1715,108,
39,41,10446,108,
48,32,186,108,
39,38,1814,108,
39,48,41,464,108,
39,38,269,108,
48,41,535,108,
38,772,108,
48,38,1344,108,
39,38,107,108,
65,10515,108,
39,38,677,108,
101,201,108,
65,14098,108,
39,48,38,16010,108,
39,89,60,108,
147,413,108,
48,89,413,108,
48,38,41,475,108,
39,38,32,237,108,
39,4297,107,
39,4278,107,
39,4433,107,
39,2760,107,
48,1286,107,
39,2854,107,
48,3772,107,
39,3772,107,
39,3338,107,
39,1981,107,
39,958,107,
39,7646,107,
3537,3402,107,
39,10481,107,
48,2058,107,
48,4357,107,
39,584,107,
48,1428,107,
48,1055,107,
48,593,107,
48,11794,107,
39,1696,107,
48,2239,107,
39,48,5358,107,
48,3047,107,
1269,1380,107,
48,4720,107,
48,38,2805,107,
39,48,2599,107,
39,48,4940,107,
48,1819,3311,107,
39,48,1318,107,
39,48,753,107,
39,48,932,107,
39,48,1741,107,
39,48,1188,107,
39,48,234,107,
39,2238,5729,107,
39,48,938,107,
41,15578,107,
41,2254,107,
39,48,16431,107,
589,1062,107,
39,41,979,107,
48,32,47,107,
48,38,32,47,107,
41,1585,107,
32,1585,107,
32,136,107,
32,1479,107,
32,62,107,
41,1043,107,
32,885,107,
32,425,107,
32,10,107,
38,23,107,
48,549,107,107,
39,32,1600,107,
39,38,76,107,
39,32,264,107,
39,32,3270,107,
39,13041,175,107,
48,32,175,107,
48,38,179,107,
39,32,161,107,
89,13041,107,
60,604,107,
310,1146,107,
65,533,107,
89,110,107,
48,170,36,107,
48,38,170,36,107,
48,38,32,225,107,
39,3857,106,
48,4141,106,
39,1547,106,
39,4640,106,
39,1219,106,
48,192,106,
39,942,106,
48,460,106,
39,265,106,
48,5339,106,
39,848,106,
48,2026,106,
48,1612,106,
48,877,106,
48,467,106,
39,3312,106,
39,4472,106,
48,1791,106,
48,4127,106,
39,48,51,106,
39,11794,106,
39,48,2480,106,
48,3551,106,
39,127,106,
3055,3021,106,
39,48,2394,106,
795,3311,1818,106,
32,151,106,
39,48,3311,106,
39,48,3291,106,
39,1379,1378,106,
39,48,205,106,
39,48,3012,106,
39,48,5124,106,
10515,10551,106,
39,48,3316,106,
39,48,16431,16430,106,
38,785,106,
38,694,106,
39,41,1121,106,
41,319,106,
39,41,365,106,
32,398,106,
38,910,106,
39,41,916,106,
48,107,1067,106,
48,41,1783,106,
39,41,2046,106,
65,407,106,
39,32,269,106,
48,41,10,106,
39,48,117,976,106,
39,32,76,106,
48,41,405,106,
39,65,201,106,
39,48,32,15832,106,
89,14098,106,
39,48,38,9,106,
39,65,413,106,
39,65,271,106,
38,89,110,106,
39,32,41,36,106,
48,4164,105,
39,905,105,
39,3642,105,
48,1503,105,
39,1503,105,
39,192,105,
39,2853,105,
48,2084,105,
48,3742,105,
39,12491,105,
48,2129,105,
39,38,1727,105,
39,467,105,
48,4643,105,
39,3240,105,
48,2812,105,
48,13556,105,
39,3161,105,
39,4744,105,
48,129,105,
39,48,5651,105,
48,1192,105,
48,485,105,
39,48,3808,105,
39,48,1818,105,
39,48,2441,105,
39,48,206,105,
39,48,1096,105,
39,48,4945,105,
39,309,1269,105,
39,48,907,105,
39,48,2425,105,
41,16431,105,
39,48,768,105,
41,2552,105,
32,2515,105,
39,41,1659,105,
32,14933,105,
39,41,53,105,
39,41,1355,105,
39,41,297,105,
32,30,105,
38,916,105,
38,2,105,
32,1239,105,
48,41,2199,105,
39,41,675,105,
39,41,809,105,
39,48,41,3616,105,
48,41,55,105,
225,806,105,
39,41,664,105,
48,32,772,105,
48,41,1435,105,
48,38,107,105,
39,41,334,105,
39,41,703,105,
39,48,32,956,105,
39,48,41,31,105,
39,48,38,3270,105,
39,48,41,589,105,
48,38,201,105,
65,249,105,
39,48,38,604,105,
65,592,105,
39,48,38,60,105,
271,270,2238,105,
48,32,41,170,105,
48,15879,104,
39,1679,104,
48,422,104,
39,1569,104,
39,10419,104,
48,2854,104,
48,2830,104,
48,3297,104,
39,1354,104,
48,1130,104,
48,3314,104,
39,2876,104,
48,4552,104,
48,1781,104,
39,364,104,
39,1896,104,
39,4843,104,
39,781,104,
39,2417,104,
48,584,104,
39,48,1345,104,
39,309,1378,104,
39,48,3462,104,
39,48,1232,104,
39,48,128,104,
48,2238,5729,104,
41,16431,16430,104,
32,319,104,
548,961,104,
39,41,961,104,
32,878,104,
48,38,267,104,
48,41,374,104,
39,41,4336,104,
48,41,846,104,
38,675,104,
16011,8978,104,
48,41,105,104,
48,32,16011,104,
39,41,379,104,
38,464,104,
48,548,107,104,
48,41,812,104,
39,38,18,104,
39,48,41,1578,104,
39,32,479,104,
48,38,783,104,
39,32,19,104,
39,48,41,161,104,
39,48,32,13041,104,
48,237,249,104,
39,38,301,104,
39,48,32,604,104,
14098,16010,104,
48,41,12925,104,
39,41,225,2238,104,
39,65,147,104,
48,65,413,104,
237,110,104,
48,1311,103,
39,1035,103,
48,1877,103,
39,2880,103,
39,11039,103,
39,2402,103,
39,3420,103,
48,2876,103,
48,2720,103,
39,2720,103,
48,2424,103,
48,683,103,
39,1603,103,
39,2519,103,
39,981,103,
39,48,1517,103,
39,1739,103,
39,695,103,
48,325,103,
48,83,103,
48,314,103,
39,48,1016,103,
39,48,220,103,
39,48,1476,103,
39,48,2188,103,
41,189,103,
39,48,344,103,
309,1080,1379,103,
48,769,103,
41,1677,103,
41,178,103,
32,856,103,
32,2168,103,
38,2284,103,
39,38,261,103,
32,1693,103,
41,155,103,
38,846,103,
48,38,41,105,103,
39,32,186,103,
48,38,41,55,103,
48,41,681,103,
39,41,488,103,
48,32,488,103,
48,32,107,103,
48,32,570,103,
39,48,41,766,103,
48,38,649,103,
48,38,1004,103,
89,201,103,
101,604,103,
170,438,103,
38,170,438,103,
225,110,103,
48,170,237,103,
39,5164,102,
39,2818,102,
48,6082,102,
48,2760,102,
48,3546,102,
39,102,102,
48,10651,102,
39,10651,102,
48,1670,102,
39,1596,102,
48,2870,102,
39,4080,102,
39,2210,102,
39,48,1905,102,
39,3855,102,
48,6190,102,
48,197,102,
48,1433,102,
39,48,1642,102,
39,48,193,102,
39,48,713,102,
48,1796,102,
39,48,2103,102,
39,48,760,102,
39,48,388,102,
39,48,1143,102,
39,48,550,102,
39,48,12981,102,
48,227,102,
41,390,102,
39,41,1543,102,
32,979,102,
41,1113,102,
48,41,2184,102,
806,178,102,
41,2329,102,
39,41,426,102,
48,41,623,102,
41,62,102,
32,1783,102,
39,32,8978,102,
38,441,102,
48,41,488,102,
48,41,806,102,
48,41,772,102,
38,766,102,
39,48,41,1600,102,
39,48,38,156,102,
48,32,1578,102,
48,32,10515,102,
39,48,41,10515,102,
39,48,41,479,102,
39,38,522,102,
65,1393,102,
39,48,38,14098,102,
39,225,1146,102,
65,12925,102,
48,65,255,102,
38,41,255,102,
38,41,79,102,
65,438,102,
39,48,89,475,102,
39,48,225,310,102,
38,32,310,102,
38,225,110,102,
48,38,170,237,102,
48,2049,101,
48,1105,101,
48,1624,101,
39,3573,101,
39,1286,101,
48,10555,101,
48,942,101,
39,4389,101,
39,2122,101,
39,1130,101,
39,3742,101,
48,3973,101,
48,3762,101,
39,2514,101,
48,5323,101,
48,184,101,
48,2861,101,
48,13049,101,
39,4251,101,
48,1776,101,
39,1776,101,
48,2855,101,
39,48,2378,101,
39,555,101,
39,48,3221,101,
39,48,200,101,
39,48,4339,101,
39,48,2915,101,
39,48,4344,101,
684,165,101,
548,611,101,
39,48,1564,101,
41,10490,101,
41,176,101,
41,3361,101,
41,2056,101,
32,16430,101,
48,41,1659,101,
32,1020,101,
38,14933,101,
39,41,1714,101,
32,53,101,
39,41,571,101,
32,261,101,
32,297,101,
32,1417,101,
48,41,913,101,
32,374,101,
16010,16011,8978,101,
41,16010,8978,101,
39,48,16010,8978,101,
39,41,251,101,
48,32,789,101,
39,32,806,101,
39,32,772,101,
48,41,371,101,
48,38,41,371,101,
48,32,103,101,
39,32,812,101,
48,32,264,101,
65,117,101,
32,41,13041,101,
39,48,32,37,101,
39,48,41,1004,101,
38,41,16217,101,
39,48,32,286,101,
310,14098,101,
39,48,32,14098,101,
39,48,32,123,101,
39,65,255,101,
39,32,41,270,101,
48,65,147,101,
48,101,413,101,
38,32,271,101,
39,310,101,101,
170,310,101,
39,32,41,237,101,
48,38,32,237,101,
48,826,100,
48,2569,100,
39,1396,100,
39,6,100,
39,2967,100,
39,3271,100,
39,4310,100,
39,1736,100,
48,3236,100,
48,2202,100,
39,2202,100,
48,3402,100,
48,1615,100,
48,781,100,
39,4360,100,
48,207,100,
39,4127,100,
48,813,100,
39,2004,100,
39,48,3276,100,
39,48,2150,100,
39,48,1964,100,
39,3724,100,
39,48,9001,100,
39,48,2983,100,
39,48,3102,100,
39,48,10513,100,
39,48,2596,100,
39,48,5,100,
39,309,1080,100,
32,1859,100,
32,1486,100,
32,2343,100,
41,514,100,
41,80,100,
48,41,855,100,
39,41,261,100,
32,208,100,
38,30,100,
39,41,30,100,
48,249,1144,100,
32,441,100,
39,48,41,15618,100,
48,41,809,100,
48,41,279,100,
39,38,3616,100,
39,48,41,186,100,
48,32,16010,16011,100,
65,464,100,
38,1435,100,
39,32,156,100,
48,32,76,100,
39,38,405,100,
48,38,242,100,
39,48,38,338,100,
65,79,100,
38,41,413,100,
39,38,41,101,100,
38,170,310,100,
39,10017,99,
48,4057,99,
39,4556,99,
39,9095,99,
39,899,99,
39,2767,99,
39,2624,99,
39,1120,99,
48,7895,99,
39,5346,99,
39,683,99,
39,1178,99,
39,2654,99,
48,0,99,
39,6403,99,
39,636,99,
39,807,99,
39,2891,99,
39,48,711,99,
48,40,99,
39,48,2663,99,
39,48,1789,99,
39,48,493,99,
39,48,3149,99,
39,48,2528,99,
39,48,104,99,
39,48,3321,99,
39,48,1595,99,
39,48,612,99,
39,48,189,99,
39,48,673,99,
166,165,99,
39,48,38,1188,99,
32,2115,99,
38,903,99,
38,41,390,99,
41,840,99,
48,41,1859,99,
41,4698,99,
32,1103,99,
10444,10656,99,
41,1126,99,
798,2987,99,
32,1704,99,
41,2080,99,
48,41,798,99,
38,1714,99,
32,623,99,
38,2046,99,
38,789,99,
39,38,272,99,
41,1146,3616,99,
39,32,105,99,
39,32,1198,99,
39,48,38,1135,99,
48,41,259,99,
48,32,449,99,
48,38,269,99,
39,38,681,99,
39,38,11,99,
39,48,41,23,99,
48,38,570,99,
39,48,41,976,99,
38,812,99,
48,548,549,99,
39,38,19,99,
39,38,201,99,
48,38,15832,99,
32,41,15832,99,
48,38,740,99,
39,48,32,824,99,
237,413,99,
225,413,99,
38,41,271,99,
39,41,225,271,99,
225,475,99,
39,48,89,36,99,
39,225,170,99,
39,38,225,170,99,
48,1297,98,
39,2550,98,
39,1971,98,
48,458,98,
39,2079,98,
39,2326,98,
48,3345,98,
48,88,98,
48,10453,98,
39,3521,98,
39,541,98,
39,1854,98,
39,4270,98,
48,1120,98,
39,4226,98,
48,12491,98,
39,2182,98,
48,364,98,
48,1736,98,
39,4113,98,
39,48,2708,98,
48,3855,98,
48,3343,98,
39,1884,98,
39,207,98,
48,6630,98,
39,48,1537,98,
48,2554,98,
39,48,2788,98,
39,48,1744,98,
39,48,651,98,
48,1497,98,
39,48,3451,98,
39,48,2212,98,
1080,308,98,
39,48,10448,98,
39,48,615,98,
48,38,504,98,
41,751,98,
41,2325,98,
41,2187,98,
32,1066,98,
38,842,98,
32,351,98,
32,9501,98,
41,1704,98,
41,831,98,
32,1659,98,
39,41,14933,98,
48,41,961,98,
272,155,98,
65,878,98,
38,1067,98,
48,32,1067,98,
48,32,1715,98,
39,32,1715,98,
48,32,2199,98,
41,209,98,
48,41,1986,98,
39,38,32,105,98,
48,32,269,98,
65,23,98,
39,548,107,98,
39,41,242,98,
48,32,479,98,
65,1146,98,
39,32,41,1146,98,
39,32,271,270,98,
39,32,41,147,98,
32,41,1327,98,
89,271,98,
39,48,237,310,98,
48,36,110,98,
32,1045,97,
39,5315,97,
48,1316,97,
48,61,97,
39,3867,97,
48,1309,97,
48,2598,97,
48,357,97,
39,3434,97,
48,1396,97,
48,6,97,
48,91,97,
48,2771,97,
48,801,97,
39,6266,97,
39,2769,97,
48,3067,97,
48,3884,97,
39,4753,97,
48,152,97,
48,1874,97,
39,48,10598,97,
39,48,445,97,
48,4113,97,
39,48,289,97,
48,5976,97,
48,2417,97,
48,874,97,
48,10493,97,
39,48,939,97,
39,48,4105,97,
39,48,4891,97,
39,48,68,97,
39,48,2147,97,
39,48,880,97,
39,48,108,97,
39,48,440,97,
39,48,1395,97,
39,48,392,97,
39,48,3189,97,
39,48,1938,97,
39,48,2370,97,
309,1379,1269,97,
39,48,1991,97,
41,2792,97,
39,48,38,1529,97,
41,12,97,
32,2056,97,
32,830,97,
39,48,32,47,97,
32,2135,97,
38,80,97,
549,136,97,
39,41,136,97,
39,41,1987,97,
48,41,571,97,
41,4883,97,
32,704,97,
32,12946,97,
31,30,97,
39,32,1067,97,
38,374,97,
38,150,97,
39,41,150,97,
41,441,97,
38,865,97,
39,38,279,97,
39,32,279,97,
32,55,97,
48,38,664,97,
101,23,97,
39,32,107,97,
39,32,544,97,
65,258,97,
39,48,32,117,97,
48,65,201,97,
101,9,97,
101,255,97,
475,147,97,
48,38,36,110,97,
48,65,36,97,
48,1053,96,
39,2715,96,
39,435,96,
39,10440,96,
39,826,96,
39,959,96,
39,2110,96,
39,3546,96,
48,2079,96,
48,696,96,
39,696,96,
48,541,96,
39,2297,96,
39,1368,96,
39,2327,96,
39,770,96,
48,2820,96,
48,1727,96,
48,1951,96,
48,4843,96,
39,48,1166,96,
48,2064,96,
39,874,96,
39,48,1592,96,
39,59,96,
48,3896,96,
39,48,828,96,
48,11254,96,
39,48,434,96,
48,1771,96,
39,48,706,96,
39,3756,96,
39,48,1342,96,
39,48,639,96,
795,1819,3311,1818,96,
39,1819,1818,96,
39,48,650,96,
308,1378,96,
39,48,50,96,
39,48,1609,96,
39,48,2988,96,
39,48,1,96,
225,4899,96,
41,2440,96,
38,5152,96,
730,1281,96,
41,1529,96,
41,1698,96,
41,8691,96,
41,1619,96,
38,41,840,96,
272,1361,96,
39,41,2135,96,
39,41,808,96,
48,41,30,96,
48,32,865,96,
39,48,41,396,96,
48,41,449,96,
39,48,41,407,96,
39,32,11,96,
48,175,806,96,
389,103,96,
39,48,41,156,96,
39,32,649,96,
48,38,1578,96,
39,38,479,96,
39,48,32,589,96,
39,48,32,249,96,
310,9,96,
48,65,60,96,
48,38,41,2238,96,
38,32,270,96,
48,38,271,270,96,
39,38,41,147,96,
48,38,41,1327,96,
48,38,65,36,96,
48,32,41,237,96,
39,705,95,
39,3569,95,
39,1410,95,
39,284,95,
39,4061,95,
48,2785,95,
48,2818,95,
48,4282,95,
39,4383,95,
39,357,95,
39,637,95,
48,7938,95,
39,2201,95,
48,13318,95,
39,13318,95,
39,10453,95,
48,1035,95,
48,3676,95,
48,3903,95,
39,3297,95,
48,6404,95,
39,48,2408,95,
39,986,95,
39,5178,95,
39,48,4221,95,
39,621,95,
48,2669,95,
48,3324,95,
39,48,11840,95,
39,795,1818,95,
39,48,2874,95,
39,48,4209,95,
39,48,1332,95,
39,48,1594,95,
1080,1379,1378,95,
39,48,2843,95,
48,309,1379,95,
38,2749,95,
41,203,95,
32,734,95,
39,41,2208,95,
41,10653,95,
41,2505,95,
32,384,95,
38,365,95,
39,41,10444,95,
41,2879,95,
39,41,793,95,
39,41,56,95,
39,38,2383,95,
39,41,1239,95,
39,41,420,95,
48,38,1814,95,
39,48,41,55,95,
39,48,41,1435,95,
39,48,41,103,95,
237,31,95,
48,38,31,95,
39,48,38,258,95,
39,48,32,258,95,
39,48,41,740,95,
48,89,338,95,
65,123,95,
48,32,41,79,95,
310,413,95,
39,48,237,475,95,
39,32,41,110,95,
38,3854,94,
39,1426,94,
39,2630,94,
48,712,94,
48,4731,94,
39,12973,94,
39,567,94,
48,1611,94,
48,1679,94,
39,1123,94,
39,13089,94,
39,854,94,
39,91,94,
39,5328,94,
39,48,3171,94,
48,12996,94,
39,58,94,
48,265,94,
48,2967,94,
48,2182,94,
39,368,94,
39,4643,94,
39,48,1184,94,
39,4357,94,
48,4386,94,
39,48,1315,94,
