(88162)
52 (501)
798 (503)
1714 (507)
2284 (508)
426 (508)
53 (509)
1355 (512)
571 (513)
398 (515)
94 (516)
855 (519)
910 (519)
4883 (521)
790 (523)
790 38 (508)
261 (523)
1693 (524)
623 (525)
297 (525)
2118 (525)
704 (526)
208 (529)
56 (535)
56 38 (514)
12946 (535)
1417 (536)
30 (540)
961 (540)
62 (543)
916 (543)
913 (543)
155 (546)
2 (549)
1043 (551)
2383 (569)
1239 (569)
878 (570)
2437 (571)
1872 (572)
581 (574)
885 (576)
267 (584)
1067 (584)
374 (584)
4336 (589)
1715 (590)
947 (591)
846 (595)
150 (597)
2199 (597)
1144 (599)
1783 (600)
420 (600)
675 (601)
425 (606)
8978 (606)
441 (609)
209 (611)
15618 (614)
1986 (614)
10446 (618)
251 (621)
2046 (625)
809 (626)
865 (632)
279 (633)
340 (643)
789 (648)
272 (650)
3616 (654)
105 (657)
105 38 (643)
1198 (660)
186 (660)
1135 (667)
1135 48 (541)
16011 (669)
16011 16010 (651)
396 (674)
379 (677)
259 (684)
1814 (688)
449 (690)
260 (691)
407 (693)
464 (695)
269 (701)
55 (704)
55 38 (657)
681 (704)
11 (711)
10 (712)
535 (718)
488 (720)
806 (741)
12929 (742)
664 (752)
772 (752)
1344 (753)
23 (758)
23 39 (512)
1435 (765)
107 (765)
334 (774)
334 39 (506)
371 (782)
371 39 (532)
371 39 38 (526)
371 38 (767)
570 (792)
570 48 (514)
570 39 (558)
766 (797)
1600 (801)
703 (806)
103 (812)
103 39 (512)
976 (817)
229 (820)
229 39 (503)
229 48 (545)
812 (821)
156 (830)
156 39 (582)
389 (831)
389 39 (544)
549 (843)
549 48 (513)
544 (851)
544 48 (504)
544 39 (524)
649 (857)
649 39 (531)
18 (860)
18 39 (540)
76 (869)
76 39 (529)
1578 (874)
1578 39 (576)
405 (879)
405 39 (500)
405 48 (525)
10515 (882)
10515 48 (524)
10515 39 (528)
264 (895)
264 48 (534)
264 39 (599)
2958 (904)
2958 39 (655)
2958 39 48 (570)
2958 48 (779)
45 (911)
45 39 (559)
956 (911)
956 48 (540)
956 39 (600)
242 (911)
242 39 (564)
31 (920)
31 39 (538)
479 (926)
479 48 (513)
479 39 (580)
3270 (950)
3270 39 (576)
3270 48 (592)
783 (965)
783 48 (583)
783 39 (640)
175 (970)
175 39 (631)
522 (974)
522 48 (582)
522 39 (648)
258 (987)
258 39 (628)
258 48 (643)
179 (998)
179 48 (624)
179 39 (653)
19 (1005)
19 48 (591)
19 39 (592)
161 (1010)
161 48 (517)
161 39 (622)
117 (1026)
117 39 (554)
117 48 (601)
13041 (1051)
13041 48 (602)
13041 39 (688)
78 (1060)
78 39 (774)
78 39 48 (610)
78 48 (824)
37 (1074)
37 48 (565)
37 48 38 (557)
37 39 (707)
37 39 38 (684)
37 38 (1046)
1004 (1102)
1004 39 (583)
1004 48 (614)
677 (1110)
677 39 (635)
677 48 (666)
589 (1119)
589 48 (628)
589 39 (708)
49 (1120)
49 39 (768)
49 39 48 (617)
49 48 (843)
201 (1133)
201 39 (669)
201 48 (674)
548 (1137)
548 48 (658)
548 39 (663)
15832 (1143)
15832 48 (585)
15832 39 (718)
249 (1160)
249 48 (675)
249 48 39 (510)
249 39 (752)
1393 (1161)
1393 48 (669)
1393 48 39 (507)
1393 39 (789)
16217 (1166)
16217 48 (647)
16217 39 (728)
740 (1181)
740 48 (520)
740 39 (759)
286 (1183)
286 48 (591)
286 48 38 (581)
286 39 (750)
286 39 38 (728)
286 38 (1116)
301 (1204)
301 48 (658)
301 39 (715)
604 (1209)
604 48 (687)
604 48 39 (520)
604 39 (775)
824 (1210)
824 48 (701)
824 39 (703)
592 (1227)
592 39 (723)
592 39 48 (515)
592 48 (743)
338 (1274)
338 39 (742)
338 39 48 (516)
338 48 (779)
14098 (1291)
14098 48 (698)
14098 48 39 (540)
14098 39 (801)
123 (1302)
123 39 (726)
123 39 48 (509)
123 48 (797)
16010 (1316)
16010 48 (730)
16010 48 39 (529)
16010 39 (829)
9 (1372)
9 48 (790)
9 48 39 (546)
9 39 (832)
185 (1376)
185 48 (816)
185 48 39 (555)
185 39 (828)
1146 (1426)
1146 41 (501)
1146 48 (811)
1146 48 39 (623)
1146 39 (983)
12925 (1467)
12925 48 (817)
12925 48 39 (588)
12925 39 (938)
255 (1474)
255 48 (1057)
255 48 39 (813)
255 39 (1057)
533 (1487)
533 48 (861)
533 48 39 (632)
533 39 (922)
60 (1489)
60 48 (815)
60 48 39 (609)
60 39 (983)
79 (1600)
79 48 (893)
79 48 39 (699)
79 39 (1111)
2238 (1715)
2238 41 (570)
2238 48 (955)
2238 48 39 (788)
2238 39 (1287)
270 (1734)
270 41 (508)
270 271 (680)
270 48 (957)
270 48 39 (733)
270 39 (1194)
147 (1779)
147 48 (1036)
147 48 39 (742)
147 39 (1137)
1327 (1786)
1327 48 (968)
1327 48 39 (720)
1327 39 (1156)
438 (1863)
438 48 (1025)
438 48 39 (780)
438 39 (1260)
413 (1880)
413 39 (1130)
413 39 48 (781)
413 48 (1135)
271 (2094)
271 41 (584)
271 48 (1090)
271 48 39 (827)
271 39 (1434)
475 (2167)
475 41 (570)
475 48 (1428)
475 48 39 (1092)
475 39 (1500)
101 (2237)
101 48 (1311)
101 48 39 (946)
101 39 (1400)
310 (2594)
310 32 (541)
310 41 (719)
310 41 48 (547)
310 41 39 (625)
310 48 (1692)
310 48 39 (1347)
310 39 (1852)
110 (2794)
110 41 (677)
110 41 39 (515)
110 41 39 38 (511)
110 41 38 (666)
110 48 (1380)
110 48 39 (1037)
110 48 39 38 (1031)
110 48 38 (1361)
110 39 (1759)
110 39 38 (1740)
110 38 (2725)
36 (2936)
36 41 (700)
36 41 39 (572)
36 41 39 38 (553)
36 41 38 (671)
36 48 (1416)
36 48 39 (1116)
36 48 39 38 (1080)
36 48 38 (1360)
36 39 (2037)
36 39 38 (1945)
36 38 (2790)
237 (3032)
237 32 (568)
237 41 (597)
237 38 (683)
237 38 39 (512)
237 48 (1682)
237 48 39 (1244)
237 39 (1929)
170 (3099)
170 32 (540)
170 32 38 (532)
170 41 (805)
170 41 39 (624)
170 41 39 38 (615)
170 41 38 (794)
170 48 (1557)
170 48 39 (1206)
170 48 39 38 (1193)
170 48 38 (1538)
170 39 (2059)
170 39 38 (2019)
170 38 (3031)
225 (3257)
225 32 (655)
225 38 (681)
225 38 39 (535)
225 41 (877)
225 41 48 (537)
225 41 39 (726)
225 48 (1736)
225 48 39 (1400)
225 39 (2351)
89 (3837)
89 32 (713)
89 32 39 (532)
89 32 48 (573)
89 41 (732)
89 41 48 (606)
89 41 48 39 (522)
89 41 39 (619)
89 38 (764)
89 38 48 (578)
89 38 39 (589)
89 39 (2749)
89 39 48 (2125)
89 48 (2798)
65 (4472)
65 38 (643)
65 32 (774)
65 32 39 (512)
65 41 (995)
65 41 48 (663)
65 41 48 39 (547)
65 41 39 (792)
65 48 (2529)
65 48 39 (1797)
65 39 (2787)
41 (14945)
41 32 (3196)
41 32 38 (805)
41 32 38 48 (540)
41 32 38 39 (622)
41 32 48 (2063)
41 32 48 39 (1646)
41 32 39 (2359)
41 38 (3897)
41 38 48 (2374)
41 38 48 39 (1991)
41 38 39 (3051)
41 48 (9018)
41 48 39 (7366)
41 39 (11414)
32 (15167)
32 38 (2833)
32 38 48 (1646)
32 38 48 39 (1236)
32 38 39 (1840)
32 48 (8034)
32 48 39 (5402)
32 39 (8455)
38 (15596)
38 48 (7944)
38 48 39 (6102)
38 39 (10345)
48 (42135)
48 39 (29142)
39 (50675)
